-3.09071250841959 -0.01680262890941553 0
-3.4040820738587634 -0.26225649751815394 0
-3.0567742346918014 2.3297084651059228 0
-2.3143235125186274 0.6912419288168762 0
-4.2463222463508465 0.9515787850748278 0
-2.5725897961650888 1.0097825378114678 0
-1.9843411279024734 1.7737596166165575 0
-2.0884678882085908 0.18693983705656847 0
-1.5082681339955735 2.0549858248488335 0
-3.3363310357588016 0.4959091363022705 0
-5.1057203253250165 0.3702427166589527 0
-2.5802590546275437 -1.2294625514186421 0
-2.4714566341205755 -0.41103473011921565 0
-5.105861366808147 2.748528083398378 0
-3.8991205656833534 0.5102376137232064 0
-2.9068986698717634 1.8575240714527663 0
-2.7281366260843676 1.1206095943295535 0
-3.8267819286420353 1.2940792211657883 0
-1.909608869752197 0.9273436287308919 0
-3.4291044136341613 -0.08137029147271035 0
-4.882670661979393 0.6690817520336602 0
-1.669780010114763 0.5478827199220144 0
-2.306416358381017 -0.36271783751113085 0
-2.0378589612503455 0.8795916419876066 0
-2.4871719491365245 1.0401533978166881 0
-0.7447545885191675 1.080001934467344 0
-3.6180686133819435 0.06840986533631632 0
-2.052927176557297 2.186444186876031 0
-2.2130863445213658 -0.6168611143377838 0
-2.1102260937433126 1.3289192624717605 0
-4.334636684724997 2.2410902578750163 0
-1.6933560182830942 -0.017768466234427183 0
-2.802536957700076 2.145009837176272 0
-1.143193837493907 1.8278871021228917 0
-2.5469938711205864 0.10648794335951917 0
-0.6811245071479364 -0.2369397927049669 0
-0.6150258678706639 0.8839122787099066 0
-2.4285951806673345 0.3131410923980711 0
-2.2201133089688443 1.9769244154809897 0
-4.616364841326199 2.1729934119954564 0
-3.951637841170174 -0.5931966329895404 0
-3.0720052347105575 0.681769356404688 0
-2.749474063800712 0.4304180544795946 0
-3.7636492292344865 -0.45298052654603316 0
-5.523490168379323 2.237074358888501 0
-4.59380838679013 0.15177608421540806 0
-3.5430328718618767 2.9601122232994403 0
-2.5401260611459833 0.230774890821215 0
-3.6355299831964247 1.4316274508412103 0
-1.4899452334829866 -0.07876305848013987 0
-1.995629927542474 0.045985361370462385 0
-3.742606269431903 0.4168595459189244 0
-0.14116100823842226 -0.11073922601454012 0
-2.6604882472570734 -0.11862041487667419 0
-3.2798906303232975 0.5467861002620211 0
-3.749428235923568 -0.09648549848224841 0
-2.887542413132416 0.5063233927833444 0
-1.6709732059732976 1.5417866950819425 0
-3.808665878763472 2.181531243426365 0
-0.7870930402512422 0.02524257364139415 0
-2.2498089101655405 0.44222546152731046 0
-3.7518450866988573 -1.0257886045691997 0
-3.54390973451811 1.4172349690266333 0
-1.7265360390690863 0.4270403193918803 0
-2.8899663124718673 0.48815549081128795 0
-3.137688698345613 0.5092243504016113 0
-3.791003825871136 0.4700929834978882 0
-2.354244745556178 1.5912188757203474 0
-1.5893416749411984 0.11651644793504856 0
-2.822670515439418 0.5345230164943262 0
-2.016459659375907 1.9927175894464129 0
-2.199064731353791 0.24930014764290298 0
-2.4797414226683765 0.9325496669911032 0
-2.3647737155264825 1.6959345615900956 0
-2.1565787297190373 -0.6595237901709601 0
-2.4195751236967586 1.2059148632454844 0
-1.0257348301033526 0.47375719533649613 0
-2.8782661731087584 1.6215863785476794 0
-4.5951193909431565 1.3241959378717527 0
-1.3593486196902034 -0.30935624740499956 0
-1.518272630994729 0.7151504790398684 0
-1.7969064540242756 1.4451713221027798 0
-2.49841046151042 0.704870351830031 0
-3.0914334686097638 0.7835624321530179 0
-2.6839544203000423 2.246710648708871 0
-2.555509986527542 1.5823094398949467 0
-4.402006178076526 -0.5229732804341816 0
-3.1880767249265274 1.8331383041453575 0
-1.6828275437070888 1.2124983066987656 0
-2.088970525519297 1.5227616816192455 0
-3.1207364669950186 -1.2323608234380938 0
-2.428668633948114 1.7413539092306156 0
-3.576694803301409 1.841300183577403 0
-2.656810296872734 1.6593824083369861 0
-2.384102029912524 0.806098622499649 0
-1.687071174552457 -0.03870258816817507 0
-2.692646299688359 -0.2983821031427887 0
-2.583500892951442 1.3921771664565832 0
-1.0852619575253644 1.7397210814827075 0
-4.258017063320753 3.1968518320220154 0
-1.9037481930361926 0.6489176409421252 0
-2.8546856547004476 0.624783110157728 0
-2.5426328958031768 0.40911470588452037 0
-4.494864143568659 -0.6410267449765172 0
-5.6998370500738815 -0.45388508622641366 0
-1.3972665205846055 1.0041717703680009 0
-3.342165082961153 1.628052969723407 0
-1.2141666509408973 0.5675179004731955 0
-2.611012127106452 0.7872208054960106 0
-3.5097479926120774 -0.1159915799496185 0
-2.9014456906155663 0.7926281405186075 0
-2.3044535349854156 -0.25146376844190066 0
-3.627027901531138 1.3402884821473608 0
-3.108971842482885 2.6284676944307694 0
-2.200523411927477 -0.07710103502365717 0
-2.632006378963172 0.32414199236595836 0
-3.9425149190868467 1.252742872841662 0
-2.4485743448302824 0.8320299745002697 0
-2.2459969806476905 0.9070894724205355 0
-3.3579523821814146 0.5101595994937337 0
-2.22598333091519 -0.9251396884367789 0
-3.3275785597255916 -0.19462675075089342 0
-2.4784787967407462 1.985124076302643 0
-1.2647472782385152 1.2786831111469574 0
-2.9201001561552165 1.4480380132118693 0
-1.7057842531716907 -0.24271033111612228 0
-1.8986009155993402 0.44362754914596836 0
-2.9119616551550487 0.6568048116536456 0
-2.677290431394484 -0.7482443592785315 0
-3.190404565377592 0.22914799179402678 0
-2.9943370120819055 0.3674467033887457 0
-2.367450089959925 0.7207466468757149 0
-3.9680773305123846 -0.2639324419967458 0
-0.19009066347861703 0.6214660019755586 0
-3.578660528029036 2.7567053956703735 0
-2.3668199448512297 0.931711008056528 0
-0.6948380542047492 1.7043425556369163 0
-2.663430616471408 1.4227821492269217 0
-1.695146278997418 0.6852559290967739 0
-2.860306142159129 -1.483709199673097 0
-4.768744686523257 1.684779519634965 0
-2.7326901785925006 -0.6362068135453687 0
-2.900569426885174 1.0638988731086632 0
-2.254700758272229 -1.1811598870711284 0
-0.7754842296442919 2.3269448719502632 0
-3.1948594275615854 0.5577438084488162 0
-1.8613637983829954 -1.232447624333181 0
-2.0040270270540095 -0.8111855435791138 0
-3.5823396975753665 -0.03551411914539071 0
-2.624932553473759 1.0673375258380926 0
-2.836463081428536 1.9486922371672477 0
-3.2784631279973224 0.2643079554486031 0
-3.263531694789757 0.515824031594438 0
-3.4081792746804394 1.1061445328802175 0
-2.7290182494432194 1.8957435884432678 0
-4.3374387218888 0.4980977936491186 0
-2.9901714767839604 1.7106416420629185 0
-4.1689984238100095 1.0121647347330711 0
-2.4780707826198407 1.3272007743361265 0
-3.72420098461886 2.3339254135051526 0
-2.848414364580017 1.8976862789425168 0
-2.798359834747767 -1.2888266015332246 0
-2.371061712651819 0.5859285192237751 0
-3.1953481641128576 0.07218370178899514 0
-3.1261996305576547 0.3362531222966905 0
-3.513536698990114 2.891873525531667 0
-1.8859112943918936 -0.12777832879841133 0
-1.0338136806411364 2.886167318230882 0
-4.371464290394052 2.375801626355492 0
-5.355205588161223 2.2412484826860206 0
-5.036026174965272 0.615740272214669 0
-2.9599534989329483 1.8544951759186854 0
-3.158049213281808 0.0845448637783921 0
-3.0707034968032287 0.06722808202326291 0
-3.0549564831017895 -0.47603096594568406 0
-1.6784918153809336 0.8650306721966357 0
-2.781385344648802 0.9069952136789812 0
-2.403267403977611 0.7462988649519593 0
-3.67525988109532 0.136267411451944 0
-3.354961859640059 2.0409849719317226 0
-2.403117520121296 0.5301826643371927 0
-2.2228710205951416 -1.062200319072265 0
-2.9855996006987646 1.1700977991728578 0
-2.806142201539814 0.6358163410132501 0
-2.774110870873395 0.7842496232649433 0
-2.6932029484124054 0.365705288600979 0
-4.06777833244093 -0.16802004744498333 0
-2.7989158767547906 2.015735055787547 0
-1.10502980067685 -0.348061603995263 0
-4.171798551137731 -0.7041312766372567 0
-4.091314501904408 0.3880435567582269 0
-0.9960034410510348 -0.39796376766677 0
-2.199201122145126 0.9139966413174897 0
-3.404107598901931 0.41532245302786885 0
-3.5330188863251997 1.6842536403303803 0
-2.3722197686699893 1.3708410428569793 0
-2.297582430897691 -0.49149904409097056 0
-3.466003515130759 1.1580499666855202 0
-2.4458201943314215 0.29956566511156535 0
-2.708694597331732 1.412438671977184 0
-5.3079924155735405 0.7983153183291953 0
-3.693219754441432 1.4964808366366376 0
-4.293905042555299 0.13512042490846377 0
-1.4355523273109474 -0.4853121660438826 0
-2.381666659102234 -0.2070348991884402 0
-4.348060709037327 2.6749948862333732 0
-2.846891818993005 2.661221994326187 0
-3.5218401678509066 1.534435544867581 0
-1.8182376743449677 0.4616594831946649 0
-2.4284832373269243 2.587463074755277 0
-3.059499248513007 1.7940236969441548 0
-2.3797589026389936 -0.10023876091536454 0
-1.994939601149547 0.8023154141298199 0
-3.847871455985925 -0.0032489252622436293 0
-3.407022522805391 -0.22164875717291666 0
-1.23226354404888 0.6388094300375933 0
-2.375059798729229 0.010336132320021396 0
-1.7250288726040233 0.6260782629316802 0
-1.184088907700619 1.1402115460562463 0
-2.7545776559036788 0.8477096499029113 0
-5.205947672747868 1.752975298475249 0
-2.842754649234241 0.3690144767275718 0
-2.84882784430866 0.4749092635338053 0
-2.8996213751793674 0.6618007360991353 0
-1.4600242785045 -0.019116006836344845 0
-3.69042744962735 2.0656367067132253 0
-2.576855665895079 1.6821842707146164 0
-4.3153517151026595 -1.0949734151431765 0
-3.5264399656126177 0.9813505424389455 0
-3.3833431467420647 1.0959544582763143 0
-2.385038110748645 0.9025823872868799 0
-1.0067458824138458 3.536299225409545 0
-3.588455753568699 0.5225453861951461 0
-1.1683329333314563 0.26183879900480145 0
-2.111147095799618 2.385018020802257 0
-5.51798745482755 1.013109234817543 0
-2.6943739246828353 0.6852228375055465 0
-2.0795413433314707 0.4220693077797179 0
-0.17313836383361325 -0.12415589297671048 0
-0.56639348693674 0.21088606756223444 0
-1.530611079384989 0.29869758411917563 0
-2.5496290220612905 0.729456855772187 0
-3.574434477267559 0.41305884731627873 0
-2.4005228369045906 1.1661744921748827 0
-1.6608246916729 -0.0915765135275376 0
-1.8867594249779838 0.36117218348786484 0
-1.934548049770705 0.10063201698695268 0
-2.1054036468831216 1.8130948613564184 0
-4.539947113893855 1.3106602900047775 0
-2.542842151580483 -0.17853868709728926 0
-0.9120347417176544 0.8972514747307139 0
-2.9310222787331313 1.7743230151494425 0
-1.7962319723637847 1.7734344699362625 0
-2.0701831970253046 1.5899102295683567 0
-2.821163912519116 2.251959909155473 0
-4.194641011411692 0.9211073961236778 0
-3.2574305441750773 -0.7344633210111751 0
-2.5304183201919668 0.03454257375564196 0
-3.7208751490436125 0.47548341880014355 0
-1.7425387540857966 -0.2051412368430242 0
-2.073058165282955 0.5474586283270391 0
-2.9726463433072334 1.9305567265092638 0
-2.182275689476639 1.4372510242326513 0
-3.2412882784950123 -0.4839877493143778 0
-1.0708375213669434 0.723135881111592 0
-1.7023597997370206 -0.23563711925978237 0
-3.5498602886779165 2.274105947428299 0
-2.5168357448867087 0.7696298543020016 0
-3.302380954007555 2.8366415997631833 0
-2.852649301645191 1.1611016426585923 0
-2.2915855306260076 -1.1772079844079741 0
-3.616167226323453 -1.1498450746277709 0
-1.1419006659517645 0.1567181740240985 0
-2.304435794435482 0.5176646373352556 0
-2.7623825039162972 0.7596330755901953 0
-4.895894215260001 -1.10225427406898 0
-2.654217631130906 0.32099007177640887 0
-1.9901977758069553 -0.17678328144097344 0
-3.436961739988883 0.34322677487684455 0
-4.421208118391376 0.09417707910763917 0
-2.4000391794387497 1.4677420832912507 0
-2.813970935190786 1.3341918003779374 0
-2.9662264979003057 0.7090789433858893 0
-2.390102210833166 0.18623985150530464 0
-1.908355254149892 0.019112791557537423 0
-1.03401269265621 0.16357081808595914 0
-2.245949534033407 1.0878216369686302 0
-3.64825393267858 0.3129396271255891 0
-1.1774835618580253 1.5610406343919108 0
-3.2727790695730463 2.194618829899446 0
-3.9948371210964653 0.017670401107102274 0
-4.5566877320557815 -0.8302612093182467 0
-2.6182161050122446 2.2072453966570897 0
-1.034633309064011 0.47820260946508303 0
-1.3094499344552502 0.8374006281618284 0
-3.014778969884196 0.9151022626408478 0
-0.3477691448320459 0.5241773493930395 0
-2.9979216315260744 1.891702681135968 0
-2.8936606964856084 -0.824137211108797 0
-3.3583705521687692 2.516084264737949 0
-2.3480721680291587 3.1923584447249778 0
-3.3333386465121975 1.0370815745256414 0
-3.296949264893536 1.5962939618454048 0
-1.6830165097809027 -1.2517914934178789 0
-4.877853037002406 1.7446026751532806 0
-2.2153154994112367 -0.029824944742574577 0
-3.8949048329311085 0.21171021638618337 0
-1.036184740439083 1.2772032570970255 0
-2.1117094767407387 -0.7245717928840913 0
-3.237008243214917 0.19708563450841377 0
-0.11861565512564187 -0.6513648322380969 0
-0.07557309673126911 0.4945208751909068 0
-2.981955750162952 0.4223184591475025 0
-3.6758198372749673 1.089284222531243 0
-2.5630801544878365 -0.3445869651133181 0
-1.5234422058434791 2.10063965744364 0
-3.743670879083874 -1.2965346154067834 0
-3.882240393349715 1.3646555337634725 0
-1.3319798654968602 0.8238915215948592 0
-1.2734508688144257 -0.33313073123331294 0
-3.0199541562816457 -0.09504566258164138 0
-3.6434487402157485 2.0505330593734765 0
-2.3302601316799336 1.7800089249888722 0
-4.098315766827566 1.249238774651418 0
-3.032540999071866 0.593328936962999 0
-1.7794839434333798 0.5927936995638557 0
-2.021642870593084 2.1375233842713515 0
-4.314142673716108 -0.6136439416841692 0
-3.4154836681179783 -0.39169377102287384 0
-2.066855816613999 1.3321482862162664 0
-0.582653603153314 1.1421054520310383 0
-1.315702906084903 1.390779646894363 0
-2.144886461198042 0.6774621450651462 0
-3.361652555497925 0.016553527056709982 0
-3.3332506597577285 -5.066824850828041 1
-5.3710869474914436 -5.836041410918616 1
-5.581070449310958 -3.540810290825652 1
-4.1945198439840015 -4.704277421176852 1
-2.9883789311517948 -4.950230656119294 1
-3.9194955100082063 -5.666054886138603 1
-4.258119679885256 -3.4079125897702474 1
-4.544483145525297 -4.599052625536472 1
-3.338365162455818 -4.586277907232446 1
-3.841323789979096 -3.3310359378244194 1
-3.5705336205399556 -5.260604548753152 1
-3.5835459073044014 -4.152302113123116 1
-3.796392668893499 -3.4796938550952854 1
-2.7647098829999655 -4.590675150019427 1
-3.5708082702271406 -4.675906477859748 1
-5.784477918115918 -5.329397374649316 1
-4.658202202459335 -2.5406206446598754 1
-3.548813555480589 -3.9029781421172025 1
-3.6765439916829883 -6.418437447221606 1
-3.4516308775308744 -4.473531076068454 1
-3.2094833429582263 -4.593628567134727 1
-5.200388944763338 -4.285365590825374 1
-3.5465062295535494 -5.898413167008195 1
-3.7724051916496997 -3.798680691413527 1
-2.6334178003951814 -3.526526121344861 1
-4.7601285928421015 -5.054594080432606 1
-6.183746289200593 -3.973653741568519 1
-2.266612307234123 -4.452087596083747 1
-5.261157775696558 -6.316028144167892 1
-4.141868379332044 -5.7187888220308585 1
-3.0412174229178817 -3.8650086921872 1
-4.457818985603122 -5.800058376565274 1
-4.574461988597641 -4.0836412804670505 1
-5.167680742887704 -2.2435763727386533 1
-5.393568283990825 -3.4417437839044984 1
-3.785728079224948 -4.583231488855367 1
-5.063485534981162 -5.17063740848319 1
-4.0403610913896735 -5.410083330558997 1
-4.463865938131748 -3.9900420210624667 1
-3.0897708211536483 -6.522926154965911 1
-4.0863403776100515 -4.743527669981059 1
-3.6766010392336677 -3.816779441888026 1
-2.9716750713612217 -4.233227569324121 1
-3.636230479443408 -4.72586354367805 1
-2.6102419017288967 -5.537575581744276 1
-3.1211723005813417 -4.067282564545878 1
-3.5605536108940115 -4.061806926073982 1
-4.4931098031617545 -3.5598145864738333 1
-3.7720596868483485 -4.456678648003885 1
-5.5509821860789295 -3.958008490324279 1
-3.8102901059604615 -3.8691541934265197 1
-5.127167810633402 -3.4462153261883497 1
-4.009590772830142 -3.345363128986139 1
-5.822692075148552 -4.953799818348161 1
-3.88549175928996 -3.8099348754617366 1
-3.6753282754185137 -4.884035883986487 1
-3.870764614230121 -3.340766225520368 1
-3.249411453956576 -4.480968394185036 1
-4.269940198444389 -2.3730447390829723 1
-3.4280318833153722 -5.0252123319185085 1
-4.093355717284407 -4.648742942432459 1
-3.8934943871286025 -4.406580904834248 1
-4.291273424665284 -7.378392006555899 1
-5.223495952469102 -4.709795550828408 1
-3.631098642153632 -5.036006450568866 1
-4.2618317611239105 -4.6953540198204475 1
-5.031097323655029 -3.6832891158501475 1
-6.226556269295242 -5.410734265266713 1
-3.759507803740906 -4.27203508472088 1
-5.159522056582105 -3.394899453981357 1
-3.9316953826723298 -6.640403513103864 1
-2.7353899972007114 -4.983461140318063 1
-2.945062788725458 -4.97776196847203 1
-4.005410217325983 -3.15622511608112 1
-6.138644343608488 -6.431848888753535 1
-2.987882174184981 -4.98827125992941 1
-4.864333913282605 -4.513196177666796 1
-5.076346364783446 -5.45111989263163 1
-4.718004370143228 -4.990287573127887 1
-3.157364569591329 -6.307511940069867 1
-4.526560027371105 -3.7455582978940596 1
-3.7760613404483414 -4.529406965095547 1
-4.621081021369814 -5.217031655560675 1
-5.139270983581896 -3.8878143629850577 1
-3.4316063970743906 -4.620289867891012 1
-4.242230765510934 -3.678719537574186 1
-4.209988885146698 -4.997404314088482 1
-3.348524752431403 -5.338981544559737 1
-2.758240630545781 -4.724002137048119 1
-4.454771102287899 -5.477100108994788 1
-4.379056554283111 -2.7157835605668526 1
-5.8384816443315275 -1.7202290613768358 1
-2.58983240560881 -5.292326683857242 1
-4.055003923918403 -6.368243329320527 1
-4.306100602085025 -6.146859941445334 1
-2.49877630101699 -5.343653284703915 1
-4.673514816678763 -5.302371985797038 1
-3.855463903552177 -4.941621083929509 1
-3.4990170184037375 -4.275384351244159 1
-4.492201972927297 -4.90244850321745 1
-4.070024140040646 -4.28606884512876 1
-3.464408534498713 -2.7344057046517776 1
-3.452413136134188 -5.34389317066303 1
-3.2876807986624907 -5.256322740417863 1
-3.056521287361849 -3.9234333228213685 1
-5.528473989029744 -4.435379785178468 1
-3.9850408310210965 -3.5767590396463333 1
-5.000227536408399 -6.323146312403388 1
-2.953147886829752 -5.5810362590115705 1
-2.464763114092185 -6.164815250982018 1
-3.5502285920204115 -3.517201408026094 1
-5.137488209439789 -4.322831162973854 1
-3.731723854469019 -4.046348522152925 1
-3.8823710293076177 -5.75236951867164 1
-3.584510657090596 -4.1204113475642 1
-5.395363974660892 -4.937938856972748 1
-5.680947591478153 -3.978413372367089 1
-3.5355557569159917 -4.572339736527843 1
-4.136035901796835 -5.145358034296269 1
-3.236123879461495 -4.9346330228896536 1
-5.999415248661405 -4.571331552305168 1
-4.14747557215304 -5.119174033594284 1
-5.617768586286247 -4.364066777862239 1
-4.3827030821300355 -4.807839900690656 1
-3.1420861998587926 -5.654043693310126 1
-2.8254031371127635 -4.941555549438646 1
-3.7517910396202683 -4.4164965656265895 1
-3.333652695136066 -5.995241782746048 1
-4.208777827309579 -5.227905374797852 1
-4.7382798891548665 -3.1481026311229394 1
-4.834691498700741 -4.221568033545721 1
-2.980419685749263 -3.6517513944209257 1
-3.6617401271683767 -4.630968998276028 1
-4.032177720660704 -5.697146602061342 1
-5.152524512316301 -5.168612578737662 1
-4.2695792910687524 -5.610598980404439 1
-4.497581096703265 -3.4034595602138 1
-5.135589441405518 -3.6991465857396495 1
-4.531659504718299 -4.172170253576933 1
-5.054212272913746 -5.15039425057236 1
-4.705291267182151 -3.535433624200337 1
-5.236888288990934 -4.10749513937177 1
-6.430889597170837 -3.5249655527754253 1
-4.343384276906854 -5.070955311703019 1
-3.9068949253749907 -5.3819613436260685 1
-3.5066027110503724 -4.51903326616723 1
-3.4623786556555274 -5.5707931473736805 1
-5.688119120699936 -4.402083834293672 1
-1.6477212827286976 -5.914475057077031 1
-3.8054906171846974 -6.88999739593353 1
-3.522468675259034 -4.780851351318734 1
-4.537541093951008 -3.715661180832474 1
-5.088970460049184 -3.760636660695541 1
-3.785901601245466 -4.749898450423134 1
-5.097159609249876 -4.045234129950355 1
-3.471612496156105 -4.8180178740404855 1
-3.977362354420768 -4.020580764284877 1
-3.3414255084171725 -3.397390643708548 1
-3.5385255540064833 -3.5737445301164597 1
-5.391334454126081 -4.636763758450603 1
-4.409401727218432 -3.681519265772698 1
-5.056586556088292 -3.8961393897164536 1
-4.373551008510831 -5.356738955931686 1
-4.508388875742105 -4.538793339291771 1
-4.948399902483702 -4.517896622583479 1
-3.2165715385368303 -3.9821004394260426 1
-3.1634181427978163 -3.2383817083097775 1
-4.812956474814723 -5.45684822837625 1
-4.936657668114343 -4.17272901099398 1
-3.83716001482887 -4.282661167788582 1
-5.580523299578108 -5.425697470739772 1
-4.797356011317365 -5.771261127834852 1
-3.236350893836093 -3.9920455431608572 1
-4.879466038481767 -5.812142499269854 1
-2.990548423539395 -6.2269679489358305 1
-4.854866891256181 -5.981070566113591 1
-4.992575953673234 -3.8992982501916025 1
-3.9081812115743535 -5.729655234685802 1
-4.81248124989044 -5.420477678228725 1
-5.545074527509241 -5.865945785866966 1
-3.545228598250918 -6.097470104063272 1
-4.762430823841118 -4.777272016923381 1
-3.036150332070881 -5.007431978972902 1
-3.7595571800897343 -3.9966502611710584 1
-4.325360208376717 -3.996946240871717 1
-3.225045401862907 -4.346143692405474 1
-3.020979227363973 -5.48145874877795 1
-4.163744646902987 -5.692334140406227 1
-3.7645351192130487 -6.878120687612851 1
-4.19701321492894 -4.311096058174047 1
-5.711838465299637 -4.956970380972819 1
-3.7261537080490457 -4.960485141039694 1
-4.324362092358376 -5.701520329946541 1
-3.496009559364965 -6.197761602273234 1
-5.70262144458408 -6.52519502428396 1
-3.8918440150081763 -6.723204459954713 1
-3.45495129020871 -4.791442058317902 1
-2.9552061742090556 -5.085206839058 1
-4.901185181250235 -2.807046914908418 1
-2.9963261650181714 -4.813761772790103 1
-2.224025896117305 -2.6742486993053696 1
-5.365341533984721 -2.940176328917379 1
-4.190434952529353 -5.118567963089206 1
-3.5820551816813393 -6.600730943851727 1
-3.5899304157592886 -5.228972984359896 1
-4.502171955191002 -4.992066639792549 1
-3.8687381674076207 -5.461725526730158 1
-3.403235733308601 -3.950475941120231 1
-3.9105091702996693 -4.936627755772753 1
-3.0507916407228506 -6.850974599717686 1
-2.5483943270406724 -3.2150723738282716 1
-3.5296629434735856 -3.339343246103264 1
-4.89325712341298 -5.125674778260077 1
-3.116337995191123 -4.349542484036445 1
-3.423046212958483 -5.591074614852638 1
-4.188552975664813 -5.750042461412755 1
-4.725308019539169 -6.009120888153764 1
-4.913864658415834 -5.879859484622385 1
-3.132608304195614 -3.412358223853006 1
-4.566612849905172 -5.479237516319914 1
-3.9647995473652275 -3.711286591494462 1
-4.411640582471901 -4.4547762169721565 1
-5.412866986228085 -4.892359043700455 1
-5.47761537938086 -2.46227909468249 1
-3.884844895448658 -5.447293160023716 1
-3.6296825101509516 -4.204692854441653 1
-3.2638187121772146 -5.535969286026094 1
-3.4474751825767607 -6.3775141329535545 1
-2.309943952108955 -3.853002391665817 1
-4.601895524175088 -6.449667765075328 1
-3.5534146935058923 -2.947986905822935 1
-3.670129717880143 -2.9555898681852764 1
-2.9291228489798886 -5.213558763493482 1
-3.9213648570700843 -4.679224812897915 1
-5.3167978129312115 -3.9210786953980614 1
-2.361367116188309 -4.753692918403904 1
-4.412394843571993 -3.054039063753489 1
-3.732228554801563 -5.982609472776195 1
-3.4064534282053303 -2.27229117444702 1
-3.7034246851177355 -4.502744097658147 1
-4.822737023528235 -5.902921688089881 1
-4.857901811262627 -3.5774574752997768 1
-4.881394189051484 -4.533719703873725 1
-2.9924357727126925 -5.2640534320060945 1
-4.313447949348494 -5.29325465255131 1
-4.651165267342699 -5.097561560088391 1
-3.9894468327755646 -7.421922346761871 1
-3.9124412451722814 -5.730577807029956 1
-4.511104156921071 -3.8823660139017684 1
-5.425424722759061 -2.307415664205292 1
-4.033341700116125 -4.649262184627426 1
-5.61241561812083 -4.7212197175897055 1
-4.414468379943944 -4.633664954744924 1
-4.5810855427812935 -3.6411357591308082 1
-4.879264916416209 -3.8731725728127837 1
-5.064638481198602 -4.0168129965478245 1
-4.478783982960795 -2.7659273468780565 1
-3.472954140733844 -3.4510560669152 1
-2.836430887097486 -3.1503218779863342 1
-5.423123808374645 -3.7539222320703973 1
-2.622388700274547 -3.8711302143347526 1
-5.31080413523236 -4.585577114342646 1
-4.867823246336628 -3.4084535702097236 1
-4.535159256395514 -4.984546404264137 1
-5.116322812802473 -3.917238566374614 1
-4.518935747496918 -5.293465086407992 1
-4.395650580673759 -5.5197468606111055 1
-4.543826313537087 -5.643833022542481 1
-3.5672524264634804 -4.869655110724567 1
-3.3604287873096 -5.6361705842799745 1
-5.918817815258902 -6.255032141518056 1
-3.326292667189796 -4.871626741449 1
-3.687066572171182 -5.024629252966126 1
-2.7066329124395487 -4.217784932473885 1
-4.934012618998716 -5.1159265782039585 1
-3.649442271034433 -4.37334357891859 1
-4.441524654196735 -4.498452833803478 1
-3.831414521207121 -3.250759637920331 1
-6.254405568042873 -3.299194283456698 1
-4.0220171591635205 -4.37906806157415 1
-4.166409078697583 -4.86705659957918 1
-4.340561870697032 -3.4999396901198483 1
-4.872191699472854 -2.9136938611153846 1
-5.445292115803155 -5.444634612395999 1
-3.3911219559754855 -5.669234295251381 1
-4.54746722207885 -3.909411541977918 1
-4.281688585766345 -4.104807331157098 1
-4.181938466542817 -5.014432882375307 1
-4.015606344920624 -5.5561338669463645 1
-3.485584498994865 -6.235858773359079 1
-4.522595264606297 -5.463309456262208 1
-3.750003876328542 -5.245579121018867 1
-3.8970515388610854 -5.204429114671156 1
-6.000047224727808 -5.190528268234171 1
-3.5806794886524047 -4.752219833898147 1
-5.101006404931313 -6.325491502957793 1
-4.092983835965295 -5.36658207480905 1
-2.7243993962865103 -5.3058653454593845 1
-4.8603864655525815 -6.570040636926486 1
-5.241075920198115 -5.690477676716702 1
-3.5886620735675474 -5.05897246198703 1
-4.767182606724038 -5.799210655481296 1
-5.5076523488747835 -4.146839140093708 1
-3.4553970236758524 -5.7514859780343714 1
-4.044610274514712 -5.150319760576352 1
-4.328952486653771 -5.720331313674094 1
-2.7949953556530023 -4.960974216961325 1
-4.369650490515471 -4.93839022780398 1
-6.126775043766565 -3.570916742985899 1
-3.594948540475081 -4.743168080700962 1
-4.6679489057023265 -3.223115758260416 1
-2.798237508711089 -4.857665237299825 1
-3.9036225865079786 -4.991263588759032 1
-2.962154229243705 -4.666881228136478 1
-3.830526699662452 -4.497570942270099 1
-2.5935011510317185 -3.9062502024918095 1
-4.160585177927874 -5.7517193118419625 1
-4.821893294844978 -5.356691346893702 1
-4.200607889492554 -5.195486626188899 1
-3.5162121309036687 -4.822270225873913 1
-4.065766032813268 -2.9373146006159105 1
-4.047326935489477 -2.6847871118047113 1
-4.310641010561468 -3.8795120137317505 1
-5.406425293099344 -6.652716981184704 1
-4.313507629190272 -5.871398806453951 1
-2.0831849502363187 -3.833418173818268 1
-3.8079363690508305 -2.9938521003233474 1
-3.60616544851932 -4.236314206244318 1
-4.855145898014018 -4.420838336419022 1
-3.2526286520496344 -4.212071370622205 1
-4.2159526069168916 -4.376495815303176 1
-4.869982743325217 -5.081144243597406 1
-4.113764412248562 -4.113664955899787 1
-1.616462575553661 -3.631035015778167 2
-3.400863540916546 -3.9160381391467842 2
-3.135439883029253 -2.3392208288371137 2
-2.2482434088417573 -2.831386532866616 2
-2.6955038165565615 -3.84615403274217 2
-2.245461321392871 -2.0828697666945333 2
-1.1879842894826544 -3.6060235690045874 2
-1.8630035609673938 -3.805261959025005 2
-1.5842892770316124 -1.8112485880970797 2
-1.9850176822871315 -1.6205065151978462 2
-4.424762705701405 -3.4892433012006823 2
-2.083787623309649 -2.48162754352193 2
-3.015092810468432 -1.8027256839797123 2
-2.7996212912025173 -3.5158398574309535 2
-3.5039479185899554 -2.627723274640989 2
-3.1006430769369757 -3.145759692127236 2
-2.449748136492332 -3.576853400091549 2
-1.4423876529938653 -3.1268489965782478 2
-4.492649008799695 -1.7914208459995224 2
-1.6015178750332173 -2.373272944327116 2
-1.6245332598669322 -2.371338160818701 2
-2.6864663363475474 -1.1874042954196975 2
-2.017410675618658 -3.115981525497884 2
-2.4240864349153486 -0.41389559289827904 2
-4.089349950366782 -1.992564670039287 2
-2.8103416653980684 -3.799537756581277 2
-2.982611156270527 -3.6588855483287643 2
-4.582783774657484 -3.210284142304104 2
-3.1250207317844083 -1.172370053226827 2
-1.9277686301921597 -1.4712210434803552 2
-2.6510060367545134 -1.1673515198964346 2
-2.534601424148979 -2.049342361109644 2
-2.7808383725391534 -3.408256395523761 2
-2.444382617442694 -3.0508082661312805 2
-1.1768052833624636 -2.594469929209272 2
-1.0408546491985577 -3.136741239391797 2
-2.2408569927463065 -3.731528115062381 2
-2.5546924273330136 -2.265555606496 2
-2.246029474705098 -3.560531571543745 2
-1.7820527383569176 -3.317814203960496 2
-1.112936287372948 -2.4476341925246294 2
-2.4082895123161863 -2.6600795881569272 2
-0.995187797803303 -2.575818415663437 2
-2.45283220337427 -1.7607903552278015 2
-2.45919444500999 -2.3802838865202323 2
-1.5371744719543576 -2.3873456266582846 2
-2.2905684492308747 -3.3880984579868243 2
-2.794359911256867 -4.196591388867679 2
-2.5460642868139987 -2.8927654165525603 2
-2.2015102772674426 -3.333955950846626 2
-4.140041192846121 -1.1029030420305235 2
-2.73049888056248 -1.8372140490047657 2
-3.8751806911990028 -2.2011478360084364 2
-2.970520912545228 -0.18495693490794896 2
-2.193845426636738 -1.7452131870643377 2
-3.40419799924041 -2.9531656144494396 2
-2.8876994207138926 -2.129000038916655 2
-0.7107144398066474 -2.28235432490099 2
-1.4906870552404075 -2.925193715046728 2
-2.649121556588158 -2.084119103940618 2
-3.193540767990411 -1.576842515690731 2
-2.6187321687630267 -3.6154146368819298 2
-2.3452418547148253 -1.795827578260686 2
-2.298361034989861 -2.5571886941676185 2
-2.82194738620433 -1.9686188612911486 2
-1.9740818668945297 -2.1928169278959366 2
-3.794025825020082 -3.367940790915691 2
-1.6164736110294955 -2.6327344849615186 2
-0.8852070577189848 -2.1800065850457657 2
-3.4613770829346366 -3.0630617442867467 2
-2.608679373613266 -2.149433444111292 2
-2.0395468120233184 -3.379457870680734 2
-3.003391364265237 -1.8984284273022345 2
-4.571523772228841 -2.2597037325361047 2
-4.070453043447304 -2.453920640856015 2
-1.3253980001749726 -1.6739133046874186 2
-2.4786205664122516 -2.063783103217609 2
-2.4844977085574333 -1.5348580455975596 2
-4.283359697500943 -2.7776778455966062 2
-1.720478138502314 -1.9475535294439847 2
-2.64264756872328 -2.5933567728780864 2
-2.5024568679649843 -3.973358853766494 2
-0.238116572071283 -2.86084855908703 2
-2.637100835561312 -3.147506294668089 2
-1.5628420903252584 -3.632440932289337 2
-1.6419353879927145 -4.108985670415224 2
-2.8792540510246587 -3.024315064643046 2
-2.8155824088129497 -4.636028123483614 2
-3.8436747081202296 -2.770720123041621 2
-0.620287232602456 -3.2063754436710505 2
-1.78729598241162 -4.405679402647303 2
-2.9881154034194943 -1.0825050095355304 2
-2.376604869542963 -2.139979434413724 2
-2.9501100243746583 -1.5468450334830899 2
-3.0194840479629304 -3.9882201084431435 2
-3.053732425768922 -2.6391080921664773 2
-1.63453612889193 -2.230317875764352 2
-2.426725191400715 -2.479256970558916 2
-3.065827363101512 -3.5380719910277927 2
-4.325721032268391 -4.1821018514076505 2
-3.016989822715657 -2.0352302676261793 2
-3.44429463820208 -2.702867767044509 2
-3.5683574349051943 -2.2026573584592 2
-2.659867752647084 -4.382826943804069 2
-2.7875855737662847 -2.746034640318352 2
-1.6143128455413895 -1.9109284602337957 2
-2.447857226850527 -2.926039555273208 2
-4.111986750853486 -3.063417756699966 2
-2.751462131566833 -2.979492372985743 2
-2.2161439980269715 -3.263801364158883 2
-1.880550800012787 -2.2441315492313114 2
-4.401074571278851 -2.228191107563332 2
-1.6980029893158104 -2.3101137230816855 2
-1.0861917034771817 -2.895158243532186 2
-2.0212836873335744 -3.376003424147542 2
-0.33545588714323493 -1.428790789609697 2
-2.3749436356564244 -1.2066951750322499 2
-2.1679615308530815 -2.1363240564045727 2
-2.657779448278059 -2.233214684994149 2
-1.5932388341155272 -2.7384298298160012 2
-0.9051659193843966 -3.5206772113082088 2
-1.633359383706576 -3.2261945943745287 2
-2.96173257010805 -2.797583878169833 2
-2.970775650733656 -0.3113683705036774 2
-1.832662919689251 -3.024060626507203 2
-0.4624756581483822 -3.7772397873352324 2
-3.7192570258130493 -0.926187187504578 2
-2.2502420880744625 -3.1549746466334065 2
-1.0524925624268286 -2.739367828345688 2
-2.2892472811054168 -3.8500933393644177 2
-4.525914333077241 -2.918527394824857 2
-2.448309769766711 -3.6460228016079608 2
-2.5981878375231253 -2.7814581365324744 2
-4.718422169660222 -3.582516152019778 2
-1.9090531823539636 -3.1279193305164856 2
-2.423657015475283 -2.9911079948513377 2
-1.9275247448442137 -2.9824966970616673 2
-1.6177745517747693 -2.1960904583797802 2
-1.4399592597076172 -3.744080661494678 2
-2.4539263685650266 -2.120599945164221 2
-3.3949702803970774 -3.135793330035147 2
-2.0475989154937704 -2.7067423201676415 2
-2.4132369224291375 -2.8362512126600894 2
-2.289864715206766 -3.3207099287330735 2
-2.517091173110839 -2.1260259571611066 2
-4.516200668381703 -1.775313389524432 2
-1.7861765536254133 -0.8187522683508381 2
-0.5438632891101629 -2.676395228324047 2
-1.2622557208903373 -4.173808773492198 2
-2.4842507381672556 -4.822674560894111 2
-2.5795355201551065 -2.56025824224718 2
-3.5051013024492716 -3.2954964748668347 2
-3.559531775299699 -3.4969655302218206 2
-3.937508636278703 -3.153589552411135 2
-2.8984928761615096 -1.248441112795548 2
-4.642812066164391 -1.2537961605102266 2
-4.123414306337059 -3.2784137139181464 2
-3.316979968969501 -2.350130360118448 2
-2.623962134799209 -3.258763566507861 2
-1.9159715668824946 -2.854617662632767 2
-2.5452951071875476 -2.1214794906723764 2
-3.2475929043921914 -2.678266963882359 2
-3.8694595967001915 -2.6791444468165344 2
-1.8819132316106342 -1.8204954435128338 2
-2.910356361961724 -4.115337602781068 2
-3.9786480129750714 -2.371267145055852 2
-1.1057886047000562 -2.445517486180218 2
-2.7662298157364225 -1.9049794910409776 2
-1.8115038287202627 -0.5111550550751205 2
-2.8872409210342846 -3.5187604493693776 2
-2.8183622036787774 -2.1163932745458087 2
-2.612976342035472 -1.2246850763800348 2
-1.2540478435049924 -2.6515692779823397 2
-2.167735186366795 -1.3938093039181219 2
-0.6053550366058806 -1.7708248705313125 2
-2.1861222704382675 -2.1609598662015745 2
-3.085047595165621 -3.543236563778869 2
-1.0274288463295846 -2.828686119856328 2
-4.2798267179722504 -1.4863530569401113 2
-3.214137354504679 -4.367229651525131 2
-4.611267606821681 -3.009793688679008 2
-1.3555600733160709 -3.2810250763458773 2
-3.3645816727996705 -4.295719428425028 2
-0.7407627464366227 -1.7523980419638463 2
-2.304049150329279 -2.6224413067224033 2
-1.591593663677037 -5.2152414611426385 2
-2.281508224938622 -3.555403563116289 2
-2.973560459880551 -3.60666526522114 2
-1.449303043915057 -2.1245970669147756 2
0.03614529109425746 -2.855408519894441 2
-1.0825195582429792 -1.3559715368796157 2
-2.872058309381405 -1.597940962938464 2
-1.8505304965844231 -1.082165061691247 2
-2.3417528335383295 -2.636558096573476 2
-3.0952715334822347 -4.010673301955839 2
-1.9553823851521088 -2.4201693375991438 2
-2.65281175085391 -2.1141602859118263 2
-2.6615548742638224 -2.317449976581821 2
-4.351314218819639 -2.3767490701593106 2
0.34892819024930866 -2.814309974676492 2
-2.616350611218306 -2.675153557144343 2
0.37277380562006446 -2.91476621193609 2
-2.014902184884646 -0.9676228178438937 2
-2.6603714141124164 -2.9593414986031905 2
-2.941223227190129 -2.6054323990196027 2
-1.7705644952226645 -1.4791593218659822 2
-0.1310728173452227 -3.554541647658551 2
-3.255763994455543 -2.976394921996921 2
-2.4089930444814613 -4.494896176073117 2
-2.0438589503892857 -2.7521429574833283 2
-2.423847433127548 -2.1865908129597798 2
-2.7732311121369113 -2.4292131699535746 2
-3.7149939672077985 -2.140756640158883 2
-1.2508898123444736 -5.274901238502795 2
-2.363722027017502 -4.110082689320608 2
-1.7120223587737695 -4.823994693596251 2
-3.6229353397086497 0.3140087876940463 2
-2.990055359418905 -2.487600091205122 2
-0.9730250747633065 -2.1782391110613104 2
-2.9092950097566646 -3.6486126545507584 2
-3.0751516986383924 -4.3622441380319 2
-2.641034402443783 -4.60497006801096 2
-2.9266492913084114 -2.89300778310482 2
-0.9378852353849156 -1.4033765009983734 2
-2.175947217082978 -2.114235897316417 2
-0.5176134277381439 -1.8073065080802253 2
-0.47243085972585885 -2.43794519969194 2
-3.6851328720638508 -2.5038369773787466 2
-1.847034717550083 -1.5912352484093424 2
-4.924078552246976 -1.5369343319709516 2
-4.130786990478803 -2.706397039183702 2
-1.409989228258501 -3.305090192310778 2
-3.2797220560897395 -2.187447688828789 2
-2.3852222258317304 -1.7510519446830812 2
-2.6035862193019454 -2.529907793415542 2
-1.8704846116393385 -2.1762341799322744 2
-2.460848017184571 -3.277653210504986 2
-2.956647093569234 -2.5295859095114333 2
-1.1294235431371524 -3.6460423580241557 2
-3.3155629415824297 -4.334239349549801 2
-4.344012233384035 -1.681825952883838 2
-2.592067332594306 -2.3984041871422477 2
-2.4973057706459585 -2.664101225330113 2
-2.1186991566797557 -3.6590223849887566 2
-1.8100234219367404 -1.324039285922729 2
-1.078835631231391 -3.0493397747352393 2
-3.3100769843763684 -1.7340956455947945 2
0.14035217470855432 -3.562863278375165 2
-2.4950370551559704 -2.5515891211480315 2
-3.689159197032084 -1.6661081688183992 2
-3.891870701527586 -2.441324588371058 2
-2.918953903524558 -3.373451585174428 2
-1.8667300374049745 -2.2147379471886337 2
-4.054111061148169 -3.081496418531107 2
-1.9880709833507497 -1.05437527033529 2
-2.8865971439132103 -0.9248748384664176 2
-4.056797049901418 -1.0850407144527316 2
-2.5515926093259402 -2.320201054942306 2
-1.5565466039283975 -3.277022956287236 2
-2.5034089224462277 -2.403401709473548 2
-3.3191042464367237 -2.7879981109955 2
-0.9290752987267614 -1.347127511146448 2
-2.2396302178557943 -1.2536417463388692 2
-2.59092257727908 -4.117508008903094 2
-3.5446129023734794 -1.5430923283752356 2
-1.8680936770207106 -1.8709300417882555 2
-2.9004613410222087 -2.9134274854458844 2
-2.004813689275565 -2.6224468463410058 2
-2.973786572517097 -2.2845152618471523 2
-3.2510564373963313 -1.0537747634950223 2
-1.5106643129704311 -2.461539785075748 2
-2.255909288451294 -2.199902099340708 2
-2.505398724576984 -1.317007680158152 2
-2.3730431400857124 -3.4140719989810595 2
-1.6898041178776975 -3.153418811523542 2
-3.1053820999344004 -4.007433978073825 2
-1.5860861550832661 -2.626080594890721 2
-2.612726341932154 -2.9567182475319345 2
-1.3338719014410272 -2.0058561510072654 2
-2.6531850503679566 -3.075461362514384 2
-0.22682141694284796 -2.445460021057489 2
-1.4819548206988256 -2.797159042650104 2
-2.8009221679061898 -2.3751871572046777 2
-4.546535904948967 -2.611591124896002 2
-0.39215773921124253 -1.800111473312322 2
-1.7094956434893636 -4.411893599569517 2
-1.7905170972858224 -2.4994015151206956 2
-3.0664551075846527 -2.1073296542594164 2
-0.08937243736032752 -2.0518392165755013 2
-2.0073438939286175 -2.6991090738756762 2
-2.3692132879862395 -2.7517978486696535 2
-3.1234668913226886 -3.102005067176085 2
-0.7532622938778124 -2.896602657664437 2
-2.901630747874894 -2.1751743817081093 2
-3.411177600845739 -3.5299290524247753 2
-0.7870589622384001 -4.5488417652189295 2
-2.2669628831286737 -3.8790848837637024 2
-1.6669367873821432 -2.5476878502331797 2
-1.4569514079019408 -2.211118020815481 2
-2.6093498048736565 -3.366065863162011 2
-2.3523555750386724 -1.8309861697717253 2
-2.780491479472107 -3.846985031749579 2
-2.1469938208231034 -2.588280978434413 2
-2.262257877082689 -4.164720929804206 2
-2.9303283098619604 -1.4347832282033786 2
-3.0023783999124705 -2.9308543283312214 2
-2.5488860056527596 -3.96814881262116 2
-2.815614845590419 -2.0591235858110957 2
-2.5527984863846918 -2.6718134021789886 2
-1.8978777371521602 -3.2380979645943704 2
-2.6037516880890723 -3.039644078686601 2
-2.6558843549297166 -4.0386661019653065 2
-2.8418387564180727 -2.7678710290250055 2
-2.9927833478697594 -3.160247408948152 2
-4.6771726695697815 -3.3596664123877695 2
-4.087746498080155 -3.840271229130174 2
-1.9514135742100653 -1.9772483956234692 2
-2.42247857316303 -5.368887699841679 2
-1.8278155016261517 -3.714028032083184 2
-3.3165595562848917 -1.559537363654774 2
-1.5258608990739624 -1.768683610883313 2
-2.804744910000469 -3.462853926246582 2
-2.444638416940282 -3.5664424864354114 2
-0.1033244025464235 -3.786127388444185 2
-1.6827252229000842 -2.494139307321091 2
-3.0209556235600967 -1.9491660638406207 2
-1.6838917988936135 -3.476578779838805 2
-1.952393335146588 -2.922458134841934 2
-2.8559912787774815 -0.08988441585381013 2
-1.4390437883387772 -0.3544936931113778 2
-3.4786079346715066 -2.2732899250490877 2
-1.2819888381870934 -3.966322218644274 2
-1.7642961370669779 -3.6743983559427624 2
