-8.311108756181016 0.3323083236740993 1
-2.85802923603278 8.874602050031534 2
-10.88888923886701 -0.8472298378499031 1
-13.198113381885399 7.996866477456945 0
-6.244633753604302 0.20540543105045955 1
-0.39627406381124475 0.23749580501280948 3
-3.7097192339995937 9.962676334523776 2
-2.5599064537511853 1.0423707465765144 3
-12.349633652010382 7.347467999557219 0
0.7228505475677145 -0.09209464075613316 3
-11.03043427862723 7.708246000001551 0
-3.4966674332786347 1.4865884437444523 3
-2.605482393037375 8.200116015590808 2
-3.7379933195506467 -0.427477424747841 3
-7.456665764655291 2.3958152452276176 1
-3.11487139930139 9.751828809623646 2
-12.190993716615319 6.641393559384769 0
-7.473235838796333 1.6315519684878932 1
-4.062825563093019 9.093616688806948 2
-8.531185343303301 -0.7834648820231421 1
-2.017923384295596 1.5006422141974722 3
-6.056245025195877 0.7421139055927933 1
-12.357747563607834 7.191607749078019 0
-0.8804521036454189 -1.1289614879183676 3
-2.7379814335674704 9.449581424589947 2
-7.341941581243318 -1.9833266766759592 1
-5.529055390949918 -0.22123542713355587 1
-7.340917833070616 -2.1669354043512263 1
-11.288940515354831 8.427600307688989 0
-13.164129588971166 9.292271181441482 0
-2.4391582422616893 -1.2524896134890209 3
-13.20113356527235 5.416288814067917 0
-10.793458367261579 -0.39720800303431536 1
-3.4655687662829173 0.4028702940419626 3
-13.65030047339738 8.204306176975244 0
-13.634326623368143 8.114634545118594 0
-1.1354080231329464 -1.3034812393164075 3
-11.259564205268088 7.338432653007111 0
-2.4162998074561566 7.542272001813551 2
-2.3658675553746495 -0.291270137729313 3
-2.0378011879154343 -0.09721443732828472 3
-3.3432829684544068 0.7304215941341744 3
-3.671242853432994 8.81472116364044 2
-0.783473151577075 -0.756005157658125 3
-1.8310550621352917 1.8120778155546131 3
-13.332754626284537 9.001272589731242 0
-4.155065309380731 7.337663670923775 2
-2.0383972914425974 0.6707645120276798 3
-9.391974603637625 0.44600320704605395 1
-1.81105916420063 -0.6654517168083004 3
-7.16182788707932 8.831100922854578 2
-2.4446142210918804 10.57633653342746 2
-7.407095040435768 -0.4965927516874107 1
-4.098421840352855 0.11174704304925666 3
-12.953672011093518 8.794511475801338 0
-3.020702598036436 9.357841404073792 2
-3.2787189223935194 -0.1999630497588324 3
-3.144125919639576 8.081936257235746 2
-2.6245830871207563 11.629904363087686 2
-5.904119343961407 0.7594529434032399 1
-5.29507346875281 9.826142513047749 2
-12.782852134949367 7.742697814630582 0
-6.0241450328308295 9.169628209210751 2
-1.1080684239475922 1.1515761812735494 3
-4.434283215763139 8.855947606643063 2
-11.32123549730208 8.2089975825297 0
-3.09552730825427 9.91453540962989 2
-5.108150326077558 9.28003213527815 2
-6.587574596692686 0.15170468835814813 1
-3.405444397700334 -0.058475553919294265 3
-9.812567380440946 0.18400707396057908 1
-7.940461313361178 -0.051029788407379706 1
-14.821797211452157 7.510339088534798 0
-7.182500811692693 -1.6446060072466 1
-4.985278546675878 9.799638569420724 2
-3.154383827045705 9.380404750463647 2
-13.530695769985583 8.337478394150114 0
-6.246475428596391 8.88465536251674 2
-7.200164001493166 0.10135990215985007 1
-2.4343910116075422 10.612200243905804 2
-13.341214330938563 6.26337835872451 0
-8.561742899053646 1.2586686127609303 1
-8.53970988604347 1.7393518961004528 1
-12.036951301512818 7.096202720257906 0
-2.4917207081354604 8.803611069104356 2
-10.343885497048266 -0.47393047026124047 1
-7.1759730062012705 0.9046870829876856 1
0.7184921833051217 0.6659264528653428 3
-6.593832652998204 0.43880445861580025 1
-3.137163776035013 1.0504570784954719 3
-8.19371200850234 -0.27523592956948323 1
-10.166933679808123 9.691020581132234 0
-8.461791569859848 1.1758925644738478 1
-14.415805332481142 7.15318903056345 0
-8.407597642871501 0.5058062838791293 1
-13.17565070442459 7.850811146347532 0
-1.3032267694414796 0.1675734442405615 3
-8.996015118085372 1.2612502013141738 1
-2.611609158700953 9.40518726869798 2
-5.053483157597832 8.194961906059165 2
-12.25073699426539 6.30082160486551 0
-12.00483275386608 7.623380393365186 0
-1.0867181705426578 -0.3950607109124735 3
-3.558500494484574 7.79022122534565 2
-12.674275632644456 5.396276476944449 0
-8.327921845366054 -1.2155129086569054 1
-1.391911922697435 0.7449251821564286 3
-12.76376386476189 7.760574974800064 0
-2.2161518325024696 9.138811448015062 2
-7.183640018908883 1.9858148583463604 1
-12.472570078185335 5.8592469814518555 0
-3.2253299448648525 9.345958375812028 2
-3.707971529096021 10.280727675954788 2
-3.1018377557370673 9.280058575977124 2
-12.338990561630217 7.347420831080451 0
-6.392066345313485 -0.4644190293868383 1
-2.6749154829379984 8.682907924257933 2
-13.390014730231904 6.243556493838513 0
-1.1913406959827664 0.4606417954624631 3
-1.2993436522408734 1.5789023986254518 3
-4.60015919493638 9.73652817105511 2
-6.382711887683755 -0.4112269588698325 1
-6.686480463779528 -0.4580455295261302 1
-7.271148268056302 0.7553526399763674 1
-8.021796140203211 0.5225062202932442 1
-1.6866378406877143 0.9408142847844239 3
-3.0908934313232805 3.7929513262174877 3
-7.601162963864116 0.24598238952484353 1
-8.488448900533875 -0.5855649337504212 1
-2.572896263169004 1.0142093907413492 3
-15.649512502404637 8.36433228540646 0
-11.524742390887402 7.244173854027448 0
-13.70229966539244 8.906418531365283 0
-2.850249134011353 10.055651382658244 2
-3.7963595217486237 9.411762753122535 2
-9.075444897578276 3.0114850708830905 1
-4.049790652694112 9.602572571843002 2
-4.4327257698907365 8.510669833877955 2
-10.463517254470663 6.866038602957744 0
-7.276050420830488 0.3287968035324432 1
-13.907379031304071 6.094496489111707 0
-2.1099880585939874 -0.7408990211254032 3
-3.462384670881771 9.820133679934772 2
-2.6919767254197233 0.18721683672754805 3
-4.285314837153945 9.307843306387664 2
-2.99205580702756 8.104302655387782 2
-1.5507633732104815 0.3379557994834982 3
-13.4494791097304 9.800500307763688 0
-7.657870603927233 0.09896907823697172 1
-2.3826775773333235 11.599250734615739 2
-2.058222486419901 2.6238856036162104 3
-4.118847490578533 8.80692064140244 2
-12.431875371789417 9.225023205998738 0
-2.549417026901729 -0.7055951964846618 3
-12.968930068724902 8.2822373728522 0
-2.599487611200657 12.169587405965895 2
-3.780967731902505 -0.08262286405081898 3
-6.284935423516396 0.3385965393659698 1
-1.0952875630370542 -2.2203234284978683 3
-13.21310777002088 8.217154402134371 0
-6.877792264983647 -0.7383701718591344 1
-5.200472126384674 8.919252781032037 2
-12.88036854999499 7.595334902112782 0
-9.94768307509542 8.639629103417324 0
-4.401423096531337 7.923265677535625 2
-12.08113981577073 7.623732988372606 0
-1.9698287895786555 10.52853600131727 2
-4.173135214792678 10.809872606726925 2
-13.863239569909137 6.9029858157814505 0
-4.820558601533875 9.82485991296167 2
-12.622356295605373 6.947230671761906 0
-1.9852728136611622 -0.6814519230444356 3
-3.7242585923607607 9.264926679986509 2
-7.553672278064457 -2.0213228716461926 1
-3.6523568965463307 0.6354846796592285 3
-7.616627828667034 0.7381934115109308 1
-5.059955716157271 10.097725393677003 2
-3.395110720979476 -0.5777968794940387 3
-12.474800191769452 7.645483557297529 0
-9.336422536907882 -1.4609990606135619 1
-2.9778155724212056 8.644995593758447 2
-8.50555893436744 -0.16412280772131216 1
-4.175536413277613 9.15316419582205 2
-11.77366727867594 9.428935519518323 0
-14.189256158314487 9.87004243575148 0
-10.780151071277476 7.969810566635068 0
-11.717677684239014 8.61707760206742 0
0.6171149727114265 1.5464440255502134 3
-12.821483413711013 9.051297671816025 0
-7.879109144447442 -1.4423596969309818 1
-0.6443813358636805 -0.519530335539274 3
-12.132324156173357 7.312000304184319 0
-3.966717107962616 10.256747081782889 2
-3.6608311473030444 -0.285367859151722 3
-8.268098982136511 1.548299339450881 1
-3.8845603641777746 8.720881961453905 2
-13.273807578119882 8.108397911935805 0
-12.14286470939291 7.197535504887751 0
-3.624743860839642 8.414557223170984 2
-7.241862291866922 -0.7185203690702583 1
-3.042689088802495 0.5861383750621088 3
-11.124153699825731 9.87419712631561 0
-4.402946505473997 9.067726237723418 2
-15.126552817371572 7.924840142015449 0
-2.962859067784084 10.091237884579925 2
-8.059182877535408 -1.2272338603747688 1
-3.6648083246665735 -0.6795218465798869 3
-2.3749501168603064 8.110389782410435 2
-9.107021921799308 -2.5327630170094793 1
-9.209743645683172 -0.849891859447662 1
-8.47860690063188 0.2475246545686576 1
-11.766746830660308 9.298841078037738 0
-1.4219152550902137 9.015825893580784 2
-1.0023073330700611 -0.6380882787434883 3
-3.191371510546558 0.5578769420954275 3
0.5543724972866779 -0.9658038657892087 3
-8.447134840306427 0.08589165331521491 1
-10.238402014187036 4.38562204792326 0
-8.03429200389869 -1.5129190757196131 1
-11.872268630112933 8.024773275450826 0
-4.419295934283928 9.423052513281863 2
-7.472608843527372 -0.7937319259086528 1
-5.551859996408757 0.17890606205022644 1
-6.049617219458982 -0.05673048770405703 1
-11.249662825281053 7.847787478891769 0
-11.817314782523049 8.828399835903891 0
-5.2221097199236155 7.8843730265047824 2
-2.786876289468217 0.38269935760344553 3
-11.977996383776183 6.387242308614204 0
-7.964896366379193 0.916038673059062 1
-1.862604820820185 11.337114096570502 2
-4.519339658223707 9.997901480680659 2
-3.082522424248916 10.453717556493327 2
-3.1091332041306647 9.196442136682345 2
-1.3835627727110391 1.1327116231550924 3
-7.363822608649811 1.7461380490331595 1
-8.472562334429433 0.6278795044761757 1
-6.494956780623038 1.9731522482341965 1
-4.116004327853778 -0.39463267913098654 3
-4.4629277851899465 10.54522670279078 2
-0.6742557263964755 8.942807932493452 2
-12.652411783407212 7.106287875525523 0
0.9814604440102923 -0.5443609061497993 3
-1.3772946475230206 8.483780220738335 2
-3.7233379040226318 9.3299332114682 2
-2.5538605292698064 1.3629128682896128 3
-7.474323441924537 -0.3318563760531736 1
-4.74767825804889 0.8232775559370097 3
-11.431820077169569 7.826847226783152 0
-1.1887363600585494 0.998449747228622 3
-2.4183916026343666 2.0610753942440985 3
-2.1334894602739642 -0.5075428318814933 3
-8.231462945319382 -0.33682007114486207 1
-11.777930505641619 6.083418113328837 0
-1.8305870355573304 -1.095665791443299 3
-1.5986146691949568 9.772131475507239 2
-2.8193730287901047 1.8940187983123153 3
-10.897428681458436 5.747215870598231 0
-5.168518348530783 7.5289235576932665 2
-6.168457436453766 10.548806099274397 2
-11.48517209128854 6.905399766668321 0
-5.498942253835073 9.308205979082935 2
-4.033607229807812 1.4302172640500892 3
-4.6375948885435765 -0.08935201598254627 3
-1.3937634889088837 -0.09850158433022188 3
-2.534517086052411 9.030782943008843 2
-2.621490572950256 9.180962879300534 2
-9.708427440181858 -1.6678676211135846 1
-1.8141018848487906 -0.38110101328572876 3
-4.247846341871253 8.805893252691597 2
-9.919820124370466 -0.8105060534508242 1
-12.207376755963965 5.593065878053217 0
-4.950848317708129 9.192955873184795 2
-3.5173524365652007 1.7376181764353513 3
-10.386894277452079 -1.5330649067385498 1
-3.4801198327830636 -0.22398099134906807 3
-12.373391331018826 8.219994685883538 0
-7.379386809362636 0.5417565812867389 1
-12.457098736248005 7.490379310250745 0
-11.883668158855068 4.085292696833366 0
-14.37430238605185 7.95806832172859 0
-3.220490979658608 8.450856960835223 2
-7.89554668164952 2.7433899688743195 1
-12.728600717298502 8.22830766715535 0
-3.678979627656847 -1.4681068630981324 3
-1.5858375261524014 10.033078873899209 2
-3.6719298692446642 10.803084616218156 2
-1.0673978929661974 -0.1567154321794123 3
-1.4933100761131888 -0.45953885030536423 3
-11.40078976490522 7.33446165762413 0
-6.365152272669472 -0.011130708948556986 1
-9.4036394742097 -0.6605809423537189 1
-5.838168332819981 9.188292269658083 2
-7.957312136359459 0.02808631302416212 1
-6.273422270450912 1.0855977998737019 1
-4.035570929490431 7.730371370247343 2
-6.892653186997165 -0.2514165854295157 1
-6.398531339739427 0.6528821166155812 1
-1.801770712426804 -1.0545022668463868 3
-5.577992535326131 8.055338758734221 2
-2.3457563245137547 8.744839745294504 2
-8.416812683501439 -0.017419328851526764 1
-6.984555677260676 -3.459249187318769 1
-11.953165163716521 5.714583549870547 0
-12.728128746509968 8.157998320841383 0
-2.896408580871732 10.203136694334523 2
-14.16220398944969 6.16954657595896 0
-8.986778834812217 0.9566296257439989 1
-8.769945064159216 0.02382399590251784 1
-2.723926458455337 9.578020181258518 2
-2.3077228915878933 1.2120463883113455 3
-12.002898451209036 6.062960210550138 0
-2.763509532505393 8.272930131486424 2
-9.500643029838923 -0.5526306280240555 1
-13.321638707916478 8.051254399990416 0
-12.737542794108245 9.476590050813135 0
-0.20054738431157793 0.008010605712186952 3
-7.788050268303377 1.1017343855419195 1
-11.518729546252914 7.702376006735421 0
-4.27186301469755 9.316853813044327 2
-2.5012920865479122 -0.21825702134577246 3
-10.896481092660396 7.958583687059878 0
-3.141476316129333 -0.648058345321976 3
-4.144443940815343 1.4279864611029667 3
-12.992740158170438 8.930374033655932 0
-3.756112959124357 7.0813078671960445 2
-2.430687623364875 -1.4484994679661758 3
-5.423503069688683 -0.6819830952609841 1
-12.328614658525533 7.502340157644038 0
-4.596138660929837 9.026431807806771 2
-3.0690961725310757 9.617224301950145 2
-13.2840155735393 8.419261052033757 0
-3.2690522671441973 0.09019833260967564 3
-3.4632843147924817 0.8575799082304025 3
-10.893827024194293 6.794018281429359 0
-3.2142670066091834 0.008960457398719979 3
-12.18833646114502 8.064255697849822 0
-8.657653826678805 -0.13937778829120404 1
-9.691404678120342 10.350726907736167 0
-4.416839710140584 0.4932255871070487 3
-10.148293352365231 8.519044654354923 0
-7.4606594745813375 -0.9333515256891178 1
-7.66240942112601 0.6160217128878902 1
-16.076664186916098 5.746803068622668 0
-11.087127487419156 7.5281011995487175 0
-12.789704545848455 6.766963315474161 0
-1.9446071918514338 0.42347961120446276 3
-2.3552441226020053 9.364631873469712 2
-13.698127776081977 8.28883413056707 0
-1.466853936748256 0.0628373556851897 3
-4.364260444878268 10.995346044866771 2
-7.789113084506422 -0.6243902961529791 1
-1.2792840661261646 0.46092873837531223 3
-7.861335238233391 -0.5961061044512325 1
-2.209776133842335 7.8455785436264245 2
-12.5146584526964 8.365249712153805 0
-6.731532952744218 9.7620445868458 2
-12.202238726502431 7.542530131748662 0
-1.2268480185301591 9.015434526904382 2
-4.247418014306165 11.506111128788923 2
-7.407072294777508 0.09675596326064109 1
-2.710903775588247 1.253920240474357 3
-9.155031445425742 -1.1074209273670486 1
-5.744811646756874 0.8708962210173536 1
-12.388612028104365 10.954522786716547 0
-1.8716392556789756 0.010790032450162107 3
-2.5620053013879023 10.038066613715154 2
-6.591785506002721 9.584907956313465 2
-3.1184618426387467 3.2355283980579004 3
-12.185440433174325 7.637090505963918 0
-4.536967946654904 -0.027284914049075182 3
-6.313178476865446 7.576220040735049e-05 1
-3.687570237978151 0.5074447689404156 3
-6.5118680301710405 7.561012014844604 2
-4.099483013549698 8.436720802610374 2
-14.566934722486613 9.24453119794898 0
-7.798791135606451 -0.6682212917626635 1
-13.120682743007261 8.75007050157705 0
-4.949991362232897 -2.001581630509728 3
-11.504899191810452 8.105079886231703 0
-8.768771632619876 1.9113665046645607 1
-8.300462272163246 -0.06000999977297497 1
-13.341151010624703 6.398664943878387 0
-13.693483416123039 6.105784690880192 0
-10.9109207483453 7.633488159231994 0
-8.45228257514401 1.1512162987135006 1
-6.293404862042156 -0.5776209926678665 1
-6.734094840078588 1.4298014463599322 1
-8.509761501737453 -1.1090017460374788 1
-12.155484636354435 8.16524618076591 0
-4.168170416107357 0.0484615642533448 3
-12.24686127163905 6.711619951545554 0
-8.792624120396884 -2.2398486749389805 1
-7.918440092955473 0.45302569065343606 1
-4.365542138018947 8.520801235825699 2
-8.18864826039065 -0.6505296618763997 1
-12.707649340515795 8.312078483096169 0
-6.16362801008379 1.3533615140922266 1
-10.969657580637314 8.668225460349422 0
-3.49532056351299 11.169970763300434 2
-7.603911368708497 -0.21249034695106178 1
-7.019251435825999 1.242237481618551 1
-2.723670096560161 -0.28795537809565525 3
-3.5515398104695515 9.611815634573485 2
-7.8437420487940805 0.39356814312839405 1
-3.988193353475469 7.958725825739128 2
-8.203972054059836 0.7032566874404214 1
-6.425871443383675 -0.18810416628034488 1
-3.2394226602029224 7.859464549495547 2
-7.029312201689553 -1.164293847029957 1
-3.5569295028679497 10.737528642084937 2
-12.27649373964835 8.467086935103149 0
-5.071104937384884 8.885087989450104 2
-7.85511903772273 -0.27301649011141 1
-5.606453625514792 10.111072039235827 2
-12.668629134888036 7.890762822783498 0
-7.5936531882786005 1.4002778705023216 1
-8.849489707494474 1.676269183303523 1
-1.447622591799838 -1.8261840843856367 3
-0.18854739973861356 0.30415959669647985 3
-11.750431429819184 8.547426657186092 0
-2.306704114758598 8.642158469789937 2
-13.270250958378345 9.069079875253031 0
-4.005179235959998 -0.5259330420465194 3
-2.592914902126201 9.776612451677506 2
-4.24570866949482 9.223298582954243 2
-5.246607830954742 9.666256911616934 2
-3.949643210766453 2.0700903355345757 3
-2.538063484636922 9.072194600521863 2
-2.3759863472474745 8.86429230968755 2
-2.568982006783356 0.09588594228558876 3
-3.0213246515622196 -0.4045703492325138 3
-4.001363926874099 8.722800732477062 2
-13.195620943193074 6.963071683430422 0
-12.32290627926131 7.79415557691479 0
-2.8970055615316674 8.301258787211648 2
-3.03778729111551 8.825960371909042 2
-3.615556586205524 -0.4126394658168945 3
-3.908957927214184 10.247031836641565 2
-11.722183595236457 6.397823472202379 0
-4.1523493272873955 9.021706397919422 2
-2.537962319427587 1.1814129719152098 3
-12.814650815843075 7.518511606598285 0
-3.4674117195050016 6.234652310076065 2
-2.6453859392691976 1.7222602831787983 3
-1.9477742906596196 0.5270508961440422 3
-2.7906703754048916 1.342311738327608 3
-11.845570650019452 8.966603764268381 0
-2.0436386897754075 -0.5333663646852772 3
-12.369562529744218 7.119051155828616 0
-2.648855324757218 1.9600924964133914 3
-6.780930149788944 -0.2663170779913358 1
-0.6217507166677525 1.4859240953975494 3
-3.20820465289332 -0.48587336279374205 3
-7.5235263360300975 2.4308027496783944 1
-12.893117962787898 9.264969896291927 0
-2.443057668429884 -0.6524217438488573 3
-3.9848815550879992 1.4127649734901864 3
-5.9359732934437925 0.39401536446508967 1
-11.960091421255145 6.855151235809968 0
-2.9503753295757726 0.2795198488554553 3
-4.355737502409941 9.106835048243891 2
-8.950553451480182 -0.5042945374182599 1
-11.717378762640656 7.877580199521492 0
-8.285532716586854 0.922879858561787 1
-12.188080992416007 6.708838474302503 0
-5.390217267107742 0.6147379441785105 1
-4.824246902038034 9.587411970580483 2
-7.099554139918055 0.18563313528565523 1
-2.5067372717624825 -1.2187994688482267 3
-3.5081128579728427 6.877375492490444 2
-1.197752137655187 -0.2471430014465456 3
-11.844306976699952 7.18056469150482 0
-11.689650398567375 8.109858919325521 0
-12.81288941676091 6.964157714244583 0
-12.212979498412018 9.196294356927146 0
-13.725240871676725 6.606878723425604 0
-7.414313102197755 0.9361532371454719 1
-3.8658142298378118 7.752950200591283 2
-7.302157435488564 -0.7641818466002978 1
-2.202010978007209 1.2450730944934232 3
-8.38178129243626 1.6956022781583473 1
-3.9675124349531146 10.513490605011947 2
-4.134231964491477 -0.1350835610792812 3
-3.725622947302623 9.468631976857342 2
-9.908648614621512 0.7126927050906741 1
-12.029148061158736 6.6344279485918864 0
-3.532202514953886 0.8404905231347793 3
-2.448229385016912 10.100614831055408 2
-12.451533433423478 7.471305453424498 0
-12.477160595006549 7.531422044700256 0
-2.321771806596404 1.1343127594604834 3
-7.575775685490915 -2.288792761846532 1
-11.95711987688031 8.720289005447073 0
-9.274029273845182 -0.9151114409588168 1
-6.723413077560031 0.15348148493152325 1
-12.825985716041776 8.917887614425986 0
-3.5645825773166777 8.95932409458748 2
-3.5295670314916654 -0.956591364031564 3
-12.952968337856031 10.10553266169764 0
-8.126877412680244 -0.8417263081633806 1
-11.69721918575362 9.006360599246657 0
-1.5882797871016008 1.3348237537280716 3
-0.31488883596223927 -0.20343095065411426 3
-2.553940056931867 0.2020598052285436 3
-2.990471994401149 7.198211648739621 2
-11.435586383683894 5.3895928195594145 0
-1.5154152558364369 9.847799374552192 2
-12.103394464542518 6.537719126535816 0
-13.26732189912963 8.959748590360734 0
-12.135512590003898 6.735634043183827 0
-7.9512132595697675 1.2261063209294703 1
-3.380870599498601 9.124149961071163 2
-13.090456547278903 7.769462822522164 0
-7.11056084213214 0.14064370895262962 1
-12.085046949854771 8.694506658620309 0
-2.6870398195191036 -1.257777995524631 3
-12.847694778568805 6.369633413988701 0
-5.121830941829159 9.102644194757659 2
-12.736346484251378 8.399886818662482 0
-2.893269595725026 11.184256111443558 2
-3.527141541984167 11.25070489730605 2
-8.67021119168981 0.7496550833305193 1
-0.07407250635769769 0.9400665333295959 3
-7.24388240631864 -0.39494639395878806 1
-13.079728483013264 9.140348285573342 0
-6.718153868811113 1.3109883462194554 1
-6.676451763334263 0.5073037339761745 1
-13.58624497469535 6.333085285139922 0
-8.319882825656048 0.35104126339264785 1
-6.636281111441397 1.517346477313291 1
-2.649877783385101 9.521687883149294 2
-2.3475854361084707 0.8021597291393964 3
-12.003769282572227 9.322805950951452 0
-8.410856072088 -0.48611655031483725 1
-3.1505082201364143 9.257888370270697 2
-0.2998866850489317 -0.5224222688457612 3
-6.992413385100505 -0.909761017171195 1
-1.5158540783048746 0.9371961102864264 3
-1.9920378115736384 1.870960346849494 3
-11.307373041621512 9.408793679035284 0
-7.95408483274228 -1.34988416173028 1
-1.8746954794366317 7.362277107111741 2
-14.65132847096112 8.777249180416769 0
-9.485499642862077 6.274269316032441 0
-13.3336254618321 8.407296234346315 0
-2.8740953424075713 0.5214330796031111 3
-2.847218916767699 8.532130669859352 2
-9.134706061930912 0.0613201017173924 1
-2.214719196763651 7.95678606890716 2
-2.355451569666249 9.442449819500995 2
-8.564667370593723 -0.3492021093834855 1
-14.234678602694157 8.113607799938988 0
-10.0243615658981 1.0488248811772043 1
-1.9091450830623533 0.16923725597625067 3
-10.753288743650204 2.2820545038302114 1
-7.1216351460331335 0.5364817192510974 1
-2.751232681776695 0.5876234038221851 3
-6.511662243607466 0.27123866907616256 1
-2.9469097708578134 2.69844633695628 3
-6.667807684408633 1.8167861237710048 1
-4.218260067485982 9.283663396532585 2
-3.8617429729819963 1.9075561095005702 3
-3.1705900176005057 -0.6458902827488615 3
-12.328020255413294 10.57015424260917 0
-11.745247172279363 7.85751914598438 0
-13.240342727919792 8.511187182723143 0
-14.600649813812524 8.163764879995497 0
-10.475044533220565 9.38106939717873 0
-2.3978186091707627 -0.3188497079312911 3
-1.543086100685535 -2.1296069581864656 3
-13.311222137023394 6.435089280574175 0
-10.827576749816942 8.128137565518394 0
-12.284789659271302 6.766701968431325 0
-2.9277855438455873 8.916694770839568 2
-8.210861439722168 -1.8261434479895506 1
-8.046379166169183 -1.7399771437879639 1
-2.991510746952028 -0.5301838856304525 3
-2.922069518565818 -0.5555704796516966 3
-8.284475465063236 0.20659278682778884 1
-11.437490593843123 6.850626452070456 0
-12.275200146833154 6.754677981131172 0
-3.0094742613120804 2.510703625361229 3
-12.585838170621066 7.95349618399033 0
-6.7278814311382575 1.472765006087574 1
-7.33975722883211 0.8718785024878469 1
-10.83936615335616 7.797337992983687 0
-3.384177518906365 9.446643087365471 2
-3.191599711329734 1.560943752723815 3
-6.608590867598468 0.09202646472987804 1
-2.5260876995456853 -1.4950366312859242 3
-6.177107588710857 1.9518585897708371 1
-3.624598512509462 7.810421429419565 2
-2.449128500872763 7.374714912243717 2
-10.754335354911497 7.816014834736461 0
-9.044233921834497 1.5837717280847323 1
-2.3823846633816115 -2.4877311824665664 3
-8.80844156120835 0.11396596643803442 1
-2.725132873650709 8.845931734997295 2
-13.804002639602945 9.342451771859515 0
-3.451549721403143 8.956247857484568 2
-2.937437946993361 1.4240616032580589 3
-5.098380655690295 -1.4914261418765502 3
-4.262985505313479 9.32019238460072 2
-6.284319621902023 9.445572137395489 2
-11.839369570856986 8.014842499243144 0
-2.004334197158956 10.622756924137825 2
-2.1964967596076357 11.54120395171472 2
-13.033432925103348 7.221927910138461 0
-14.041914874828214 8.267962264763826 0
-8.180726644672966 0.4681077825367023 1
-13.044925034202784 7.367263538127361 0
-3.4836111112674053 9.530055921578473 2
-2.3171992355038205 -1.6318917138848512 3
-13.919254967294954 6.460192394316732 0
-2.5509894054341675 9.95309432788777 2
-3.610606200748349 0.501782826287866 3
-12.695383181940311 6.4434811139347765 0
-9.02008444044418 -1.0933866749219492 1
-2.6071731464551133 10.632760460082674 2
-4.901359940817121 10.272187124146669 2
-12.128854920067697 7.764752136665931 0
-12.367374729936737 8.564827234082793 0
-3.9114284735470797 0.2245924538514249 3
-12.538180619212321 5.431809605573826 0
-2.502106816053459 2.0772891820657455 3
-2.496945377907238 8.740486859851124 2
-7.774972748341771 0.3974865633940076 1
-4.001639755610338 9.04040815959215 2
-4.962927440983913 8.379414203220138 2
-14.026757215439833 8.022788314198678 0
-9.880642694178515 -1.615969536914645 1
-2.8111497753450543 0.05628391481436684 3
-8.334120239514405 -2.3697503438233767 1
-9.079343700142104 -0.006655549076040518 1
-0.7387769100740018 2.01774163500895 3
-2.2262313052292515 0.2014427793995684 3
-8.9310273106747 -0.37110652985703024 1
-8.94314741364211 -0.8372656547146007 1
-4.161392093494082 10.519785118677861 2
-2.5032437451774587 0.18373900246634733 3
-2.715996487750781 9.368047272113165 2
-7.9384600843314255 -0.7795247585803821 1
-2.2020701044269066 0.8206168565242729 3
-1.9872985755474422 7.001194584260373 2
-7.789408664979428 0.28940182089331423 1
-10.93279769007685 8.87970610659509 0
-7.37301537514952 -1.210904747772374 1
-3.059327700486623 0.6946480245007778 3
-7.733700951214012 1.8192770528864803 1
-13.060467008000977 7.8934799716796125 0
-2.172392602879527 9.886505482778567 2
-6.109046805887419 -1.0357235609696305 1
-8.738579673517426 0.20322843152733686 1
-10.21025975674604 -1.4047301952320055 1
-1.6453718007700813 -0.3854089813517084 3
-3.9135534810921877 9.347113522541184 2
-2.1202416122990693 0.25427051535146994 3
-13.465973035538648 7.241698070229455 0
-6.664488378613973 -1.0427850724080379 1
-10.795668429685174 8.663272888868848 0
-1.1012505346466326 9.452354424964517 2
-4.53196673591538 0.0018968280896271006 3
-2.5920957094835186 1.756745580268129 3
-3.84430919069897 10.497531941421617 2
-5.673239118079939 8.496009878923545 2
-5.365708434218489 8.876451686479236 2
-6.060761471593897 -0.854988717780494 1
-1.4320209763985592 -1.2871557378511023 3
-1.2653016846096294 0.5691118099036272 3
-2.5189471251769513 -0.08409713488803716 3
-3.3469438505984277 8.641629120401156 2
-2.6179471469675826 -0.46052844995030007 3
-7.47586040012121 1.5251619219870454 1
-0.992203774779439 -2.1817391730413815 3
-4.43979796575717 -0.11252786743772897 3
-3.2210324425125463 -0.138299458100123 3
-4.049538647536702 0.07702382754357814 3
-3.687820015606537 1.5044667837625785 3
-7.2461403873948536 0.48236170293131336 1
-3.4016413595144384 -0.6699495181698327 3
-12.691118963235581 7.117362612701983 0
-8.284580463366629 0.17278684857787924 1
-13.590367624780104 8.334609851065562 0
-7.29574034691833 0.8376383649231078 1
-8.532605480904694 -1.3500066884006754 1
-4.219857186390529 -1.300373615538708 3
-7.297593047015058 -0.3084695388876261 1
-3.811118384458924 -1.0862809344184712 3
-12.792969257394516 7.683404782690143 0
-2.4865530754211953 1.0879888978969174 3
-9.68790519959074 -0.7238893157638033 1
-1.8958209614105381 0.29244299213558067 3
-11.901885874642513 8.265617776848144 0
-6.952486940722279 1.1170285154418262 1
-1.6618121076131018 8.425153109605391 2
-2.316986506081637 11.961968975167139 2
-13.091944060952725 6.952175678306948 0
-3.6276063619440055 -1.0690255651640967 3
-10.373667267667162 5.393378850653367 0
-14.02838762787261 10.466697304999261 0
-13.467605435574171 7.554494412763036 0
-1.6164611465909107 9.627954894509568 2
-8.58944031527944 0.9294136170996942 1
-3.5880605219992625 10.039572024867578 2
-2.1646164869798064 1.4684079667816705 3
-0.9268083408041119 -0.04469332812199764 3
-9.756997461904227 7.991082444692771 0
-1.8542177665080255 0.24344647310048897 3
-6.611255858990664 0.6546064381067047 1
-2.5562369437015384 9.734191320903534 2
0.08301787796283078 -1.0497018836855585 3
-11.793376021311012 9.074666594217758 0
-4.2478226905693655 9.125976258561796 2
-13.102166708384184 6.584551344205657 0
-2.890862114000994 9.872323973106576 2
-6.724685048867324 0.1263029039929924 1
-2.624463527799878 -0.7950029342127141 3
-2.7216648306659996 10.859527540170586 2
-6.431140536479566 1.136339947025787 1
-14.092542523485516 8.948295555334532 0
-12.903076259384456 8.166475109113428 0
-4.926341692035592 7.992957513103214 2
-4.60472913329882 -0.1857464806767446 3
-12.655630054149565 8.0121313010939 0
-8.573152169963231 0.5217235981861028 1
-8.339556976528513 0.5277278185559784 1
-2.744093618867752 7.109674674773789 2
-5.0347576444750235 9.678018672747694 2
-6.8433495120934245 1.0333813987000153 1
-4.931426682328095 8.456404824285993 2
-3.0790449875112005 -0.778562571898314 3
-8.949443841720802 1.2246904101021003 1
-13.281130201847896 7.266821606372749 0
-7.045743955995135 -0.3242267284212729 1
-2.8206275276634925 -0.46413767437063835 3
-12.595887077582738 4.516570008996698 0
-6.7277449763459956 0.43396276483707125 1
-7.000849718681298 -0.20277171562872875 1
-9.110668215221233 -0.15222867906035636 1
-2.93016294256185 -0.510627058111305 3
-6.932691222066136 3.238891995745858 1
-6.449536367529937 1.3199895811702365 1
-7.372264091898043 1.7477820082291673 1
-12.1867216889517 6.621093865241654 0
-14.542412973912793 9.471449907995943 0
-2.6193797406410235 -0.6545908799290475 3
-5.272458581071978 9.077124622702518 2
-4.629116255887107 -1.1501063279344839 3
-12.597729674419998 9.087402864568642 0
-10.248847396483903 7.287380377908066 0
-4.846638061187485 9.73344905102307 2
-7.950020142692313 -0.5705820142081991 1
-7.591688204362167 -1.2709944277528198 1
-12.1471012094609 6.64846016393709 0
-9.115944769402361 2.41922861132158 1
-13.100949087530777 9.005288382972756 0
-10.013687389819886 -0.6486434839041845 1
-14.087068024861157 8.571179405505664 0
-12.55608562094966 7.3428880891985715 0
0.060024844231377106 -0.033739396847595554 3
-4.6833979775310475 -0.5879175153510539 3
-12.219095246849674 7.145741301348085 0
-8.267077161627116 -0.18698088196908808 1
-5.421290533644418 9.24811477812486 2
-2.3846993131091225 0.8415935176272406 3
-7.7949384525664165 -2.1346456023418376 1
-0.9389694145321201 0.7514229021236632 3
-6.768392373163392 1.6877802998190163 1
-12.557418079300689 7.019650724250544 0
-2.913258136897201 9.921183165208225 2
-6.391898465590158 0.7272607659901432 1
-6.236750152789083 -2.483588592938865 1
-2.020958008421915 -0.5868702542299401 3
-12.291050579254051 9.256524054663856 0
-5.606616882271727 8.0966578418787 2
-2.227492473336616 0.2223333146429696 3
-7.5932753044545445 -1.3845970589020709 1
-8.339659490550233 0.23680012861944919 1
-8.906185773125811 0.58778945078232 1
-3.6117945423264066 -1.4902970811699099 3
-13.247246715421863 8.901889086422376 0
-4.160569887167798 9.19420832593624 2
-4.900388507188316 8.569748914181428 2
-12.282580820718476 8.191877507300646 0
-8.19824554223179 0.5808890678218569 1
-2.8536684062771047 8.44735400956857 2
-2.790993594912363 9.728814328328893 2
-2.5074747880494757 7.602236955524255 2
-8.385555823472297 -1.4236971456648082 1
-5.6088334513351015 9.688156804196451 2
-3.9194958246852867 1.6739498926065568 3
-2.9169642465726753 7.9923070065198445 2
-4.843086033772243 9.80167204202656 2
-6.882152530359062 -0.7576142334946155 1
-2.3878924402050568 -0.5448854355899585 3
-2.739171020236329 9.537515787889399 2
-10.326203534080118 7.821384230546137 0
-3.585306777401347 0.20391046387007356 3
-9.156076189183798 -0.8890983671523376 1
-7.544859919035129 1.1279170972019656 1
-0.5859541541447297 -0.21538079868152826 3
-11.353149806609846 6.755818827816376 0
-3.1598010775725993 0.941327158887546 3
-7.015895078645896 -0.07711890683620612 1
-2.515959949633266 11.179504550236457 2
-4.725563627081199 7.615896822398828 2
-1.5053306787378737 0.4214826549015368 3
-2.16697732187723 -0.050801884555599086 3
-13.373945999810854 9.332847160508363 0
-4.964506274209262 9.49133096970091 2
-2.8199858191324454 -2.0369551093313256 3
-4.455582749378984 9.159915127216467 2
-12.471706193657665 7.0520623982303325 0
-0.742141060610404 9.027747675681026 2
-3.596774222761369 0.2625824274495964 3
-10.929763139939999 5.763133979967001 0
-3.9638117712117285 10.5734546990815 2
-3.3828210290561285 10.765651475564582 2
-12.843942488365107 6.540321850723293 0
-1.9246943215217982 1.5883635148247 3
-14.908899552418028 8.990394505498632 0
-1.8005714627199036 1.0404844023879187 3
-13.038167306290312 6.612218001325903 0
-4.602794655329156 8.8400813499316 2
-13.993589515489074 9.327379074350482 0
-13.409202431710169 7.953094628334525 0
-4.077044962551509 10.60429904262813 2
-0.2959638099440416 -1.5679042126561862 3
-3.781663692302043 9.827850854897626 2
-1.5614153597039462 3.224081430980002 3
-5.406257350450832 9.296333734674583 2
-2.208245389444186 -0.7082340987808924 3
-3.540674008180093 10.582602048726299 2
-2.8901484514651683 1.4674956758223545 3
-3.9584634132363896 8.141171974061546 2
-7.243058861984725 -0.9199603618595336 1
-7.404307131558398 0.495042341701754 1
-1.5148822258631598 7.2468343732408815 2
-2.9093562151275902 -1.295878716398296 3
-3.517242718380766 -1.7664313991125937 3
-1.146655644040991 1.7257342759407146 3
-12.9867733540139 7.242869611572967 0
-10.092020934436084 1.3854520639745544 1
-2.0809860004207863 -0.2871879694421473 3
-8.085356930121355 0.28718175788500944 1
-11.971640100803633 5.794145341404806 0
-13.015903978121122 8.636514274585926 0
-1.636779800292893 0.11105501113642738 3
-10.909689675078194 8.15457744306244 0
-5.243556365076416 9.141811580812773 2
-4.501339444274053 8.841598795148895 2
-1.4362270328019955 0.5565322000820193 3
-12.40698784483735 8.066409108769083 0
-15.05757568128406 9.201912411902441 0
-9.054575536789724 0.35750768854852927 1
-6.90783633571009 -0.29918400657065797 1
-11.897477711375245 7.356524136180005 0
-13.324141822578431 8.083870294632995 0
-1.469368487682194 3.7525995621645483 3
-8.930081586809704 0.6154390634978526 1
-2.0043046445492254 1.1089294273435761 3
-2.5121059640389456 8.99025177266864 2
-6.007393071496328 -0.8984272039452394 1
-4.3003570420189305 8.526463113692431 2
-13.118543674543288 6.43507431010156 0
-8.39511811790722 -0.9035199072610274 1
-13.794070158651651 7.419602428177198 0
-7.976601349543379 1.0875956771511834 1
-8.041563008369378 -1.0214069616108041 1
-14.404470136127104 5.533058562205509 0
-4.573148122262776 8.85567856101081 2
-3.201771443279349 -0.037863762859498246 3
-3.8901543209356397 10.786974429972247 2
-9.271032220115947 1.4488861636701142 1
-3.965248180007663 9.07979926546823 2
-2.3340733882613605 10.316295748222242 2
-7.778993846905199 0.14839725802296394 1
-7.695245573092675 1.821933177527877 1
-11.001238390884826 9.477700400421483 0
-11.410704723200872 6.737729497778827 0
-1.926291474936622 7.207243222897878 2
-8.550325947730695 0.468473362456699 1
-7.931844285224557 -0.6871439363823129 1
-12.561743785480763 6.466336748053048 0
-2.782498982145075 8.178130505901693 2
-6.075216125225358 -2.0961554791735093 1
-12.836415462004952 7.141513071939902 0
-2.3708584255978065 0.33173852399498527 3
-4.708769350930769 8.985825787420481 2
-7.883800078084622 -0.6287154790422885 1
-3.0405629427836876 1.1525391266777112 3
-13.927338843885016 7.375270551615093 0
-2.6833132885893014 1.167175131478166 3
-4.756325765753255 9.790763895829075 2
-3.57482421847745 -0.3569098428976569 3
-2.1978601523005583 0.605670119693952 3
-2.862677193612039 -0.19666977752009657 3
-15.244146724128093 5.385964570608788 0
-2.1246139765926015 0.3844373334493716 3
-3.387265969521969 10.199363159779034 2
-13.364209017295131 8.057130731196311 0
-6.930655955620341 1.4894782146440904 1
-1.6073412920443482 1.9519894908667021 3
-1.650941548952674 -0.02602181610805293 3
-7.729699413756726 0.017259427437331387 1
-2.8791647330457417 2.2310828790979724 3
-3.588171098835039 -0.10365512927507742 3
-4.243552292972362 -0.02623032580225529 3
-6.144079932112652 2.4571032993242734 1
-1.4115666621810816 9.79792079596629 2
-11.590491006061615 8.537899904201337 0
-6.1453421140596864 1.1671793098723586 1
-11.503865170123223 9.372474494516853 0
-1.8759578863666717 7.274105461241321 2
-11.456802519647177 8.277249698504 0
-13.364278761711766 7.949672685486068 0
-10.009946714931395 7.656504239309523 0
-2.3583782246710427 8.204546240433832 2
-2.9190775347484994 3.3102558057147586 3
-2.653994412139245 -1.2334921888627675 3
-2.4828610546233567 -0.3265969942649898 3
-4.558386695033305 9.218611023668425 2
-3.997773407259652 9.820533178712642 2
-10.423699315421405 8.55762368024049 0
-3.146672661108821 0.25122934012846593 3
-2.2095114935210116 2.0296906352060335 3
-3.000782114507786 8.66687632581194 2
-8.595719502585125 -0.8923923371170027 1
-4.245774076062915 9.217248590610042 2
-13.292687413179143 7.0107157202642085 0
-1.9903299348561363 -0.9851791601080311 3
-14.27622956408137 7.061957466912786 0
-2.352691844077505 6.753479802557632 2
-2.6966564439313903 -0.1771724156753492 3
-10.139615764485276 8.21283478318604 0
-4.693597346965442 9.924838941869455 2
-3.668061669917435 8.936672874382884 2
-2.843427035372222 0.27092451990714805 3
-3.562981505287726 10.05127252393259 2
-2.6462243794085314 -1.1576635029581681 3
-2.1953724752375328 1.0756982793172516 3
0.3830673363925903 0.9501519721486286 3
-7.9221724190908045 -2.0022719240450653 1
0.08596886934873504 2.336478105579675 3
-2.435065311406169 0.15436571463710835 3
-1.6401159166412058 2.3376244746981594 3
-8.843531111244737 -0.6052179730422493 1
-3.265232996806922 8.729371285776361 2
-3.193267797400197 9.077270415354812 2
-9.06440804643919 0.8135219375533299 1
-7.361898645210682 -0.8119536123301624 1
-12.142486556319062 7.060694406604161 0
-7.475985272172235 -1.338447837812854 1
-6.472615016371931 0.6988993981558888 1
-1.1385724421454042 0.047684464290431494 3
-4.71338987108828 10.87752216988115 2
-13.47766096108948 6.2868410391751945 0
-4.257543917512429 9.57454918734465 2
-2.148599776364847 12.005764684260344 2
-14.442816053808214 6.574698271167902 0
-12.308976055489547 6.659511829224331 0
-12.773788713263933 7.23806868816677 0
-2.1786085459939004 7.326397199304647 2
-6.800243156156444 0.43556151163049556 1
-3.5425831171571645 9.787928966795253 2
-4.840396848676039 8.616935051014599 2
-13.100735613974443 8.336449147813958 0
-5.460290895291551 8.87307670272589 2
-4.864689510273377 11.237948060072437 2
-8.826632016952622 -1.4528846055966225 1
-13.605138331439763 10.005758577802906 0
-4.544178529677126 9.317829248307637 2
-2.2434553767927845 -0.2547996871406336 3
-3.979661091257897 10.032909696055327 2
-8.212677195145455 -0.5822448329120485 1
-7.681191432463978 1.0857685966188724 1
-7.64664123770562 -0.4237055860574849 1
-1.744001858107906 1.3469617535902612 3
-1.5767078016594676 1.110292639103922 3
-5.507204021512944 8.812146986332289 2
-2.8012398150409625 -0.49040224439441105 3
-3.4291205373675235 11.532352525793137 2
-7.954341463641114 2.532938194532623 1
-12.876535152601923 8.053305467224174 0
-1.848784468462764 -1.7382043875190931 3
-9.873581162064188 1.791290695668071 1
-2.4903909006517533 0.4384616489924445 3
-0.3024155165757567 0.21646221242326044 3
-6.123812424359516 0.16608092487889772 1
-2.6198128890023233 2.266984909917503 3
-1.9439396055670557 11.254446348457051 2
-8.537913141089286 -0.1597776853624454 1
-0.9484115958235808 0.7213717318343466 3
-3.1028951737885846 -2.197686934562319 3
-14.359097584155526 6.391610354266465 0
-6.103736212463972 -0.5367125808932699 1
-1.437699364771238 1.1442919138831216 3
-1.4645783961030499 10.196855420328864 2
-5.936897714915014 9.649884535897995 2
