7.464167185408681 -1.024548996636232 0
5.654921075959016 1.8846014024057915 0
2.3422754105584533 -0.8764515214352877 0
6.256038746599576 -4.669303504310921 0
3.905152805815813 0.17406145090463113 0
4.1533603273710735 -1.3547969624371148 0
4.891047670578445 2.2227485529028135 0
6.978622516129951 2.4773086173971657 0
6.102100787018172 -1.083263346097607 0
3.3217936120451026 -0.45685168563496215 0
5.690979790476743 6.284946885799186 0
10.099781239218697 1.3463046297644092 0
6.744713255439946 -1.3309558258564804 0
7.079401012250954 3.0832403861489146 0
6.026179113554114 3.0656280239351132 0
7.360195073687165 2.810875587443192 0
7.390175511198272 3.6146970461486223 0
4.674326366774455 0.9722106039960468 0
4.469317561333739 -0.9891907126874269 0
6.64835244419083 1.9003859830641454 0
5.677303026724217 -1.2021312268296047 0
5.444953439240475 -0.24659057840685483 0
5.638941972238312 3.6257350801385724 0
4.243224975999691 -4.351892214529423 0
5.009436793552968 3.2091822166323842 0
5.372175051894734 -0.9170075414749668 0
8.721954312621914 2.656326157311973 0
4.377087167723256 -0.10226547864197488 0
5.953168248729191 2.8299581649856766 0
8.565491397309302 1.2409741006146087 0
8.00338916930956 0.9009218649281678 0
5.2831609943078135 1.1509046017430675 0
8.865500061923164 -2.057112567807753 0
8.52463581080735 -2.97607441265756 0
6.25058702341501 0.8674157333414185 0
9.153584194586093 -1.8145356151718386 0
3.99555762428724 1.0156356528898909 0
5.27178958683713 0.1254822838116268 0
6.795892999361194 4.402222116127621 0
6.630780655234264 -0.706895933121584 0
7.388491654555159 0.5297406472592109 0
6.88694090450354 0.6792796621128541 0
5.946460655227995 0.11228592403080773 0
4.708733313701865 0.45361935815562116 0
4.307515456396049 -0.8560464614093759 0
4.710295743964455 -0.027679656553039167 0
4.412481811227202 1.2035081773589331 0
3.951864836885564 -0.09215735813237591 0
10.238398617964293 0.35047598854532097 0
3.264906024332913 3.4564911061234938 0
7.064618698234386 -3.3508244244931418 0
6.04905781818168 4.036004553233483 0
5.037509755918872 4.545045181510463 0
7.199320913940319 3.090267639682588 0
7.560281660894133 -1.4301161147388413 0
6.818452483172899 2.997938303624116 0
6.839836355888555 1.2511561783930363 0
5.345708956221143 1.8564788444668547 0
7.894455316961003 1.2832830998082252 0
5.067796784957496 -0.4450174976324536 0
9.198302302722404 2.098656479481501 0
7.420348985282294 3.475442805445221 0
6.247332311244161 1.2450091640348817 0
9.369907781405292 2.5641667109453707 0
5.4635807743340115 -1.3876738010412304 0
3.485029601932658 1.8173648896261418 0
5.938802943662847 2.6251384010430816 0
9.048378281279405 1.4776484008981796 0
5.580943971454052 -0.0451266368562675 0
5.886175134097902 3.452232532745144 0
6.7727992756877375 1.5887552149648636 0
7.164090149406686 1.2371148974628263 0
3.258460232019768 -0.3292040877839453 0
6.991898421674948 0.6963707745384128 0
7.156993151216381 0.9741781088986688 0
9.044667259828808 2.6891875026380516 0
1.40144416989593 -3.324081329353311 0
3.2837213952772584 -2.515244424548938 0
4.1342899821526675 0.1741034982741227 0
4.983277781102171 1.3564457529982397 0
4.092907021037739 -2.724102976001369 0
3.662973558301231 0.7570577473497229 0
3.949655193818097 0.8878476096748702 0
6.334577949494807 3.4767337514086893 0
3.7170016722720627 -3.676480796178889 0
9.865161735748803 1.3216440183048705 0
8.241090553186513 2.650125968886557 0
8.31140036527079 4.289321300235429 0
6.119759266679638 3.4789542491298 0
6.514354941667936 -0.7340981293808944 0
6.304718754066769 2.3158671289088124 0
6.690618463192893 -1.703323762703239 0
4.813576105705456 -0.636756562867479 0
6.177226420685635 3.0301395398928053 0
6.995398778811806 3.9124780724294363 0
5.437960232770196 2.745418078861359 0
2.702875458350638 0.5495877731336377 0
6.6603728557499835 2.1615028085689327 0
8.316672780239157 1.6232987181545606 0
3.3217574451974032 4.973971573548181 0
6.090588559666142 1.2808006383368524 0
12.264868099173578 0.802160745088415 0
6.909238739860588 0.7412324167032774 0
6.003410323922666 -1.699549543010805 0
7.9292217646079415 -1.1365313197838216 0
6.328577230260043 0.5545651151351982 0
6.116868980874733 0.3738938113760649 0
7.149019917172712 0.08476715458527079 0
5.60052178324601 2.3692025459144204 0
6.029885708314588 0.5002894165546513 0
7.652673257246258 0.5636812488407479 0
6.333286066053272 -2.1997712993626193 0
4.268809911091223 -1.2032912887150748 0
3.8848590883742204 -4.218011295065327 0
4.893268360359565 0.6140659994754815 0
6.773877204696869 -2.12851697986161 0
5.209357316367245 -3.7028246416059414 0
2.3996762603221824 -0.5501843196285704 0
4.068780270136516 2.3156721227680714 0
6.143206644768622 0.12763400941391134 0
4.996990680879752 0.25727967468239255 0
7.571998053689438 1.8088500352481431 0
4.401626766719864 1.02763560051097 0
8.338800162626072 0.7084482264055929 0
6.929597984744905 -0.40054736938691793 0
6.733645864119771 3.3921100135951696 0
5.588742954431647 -3.6238826176100245 0
6.494122182384684 0.009970297303847075 0
5.312295846932905 2.9902810142271345 0
6.762277369739757 4.752545009401641 0
3.3734733339617162 1.8892975563181589 0
3.023987965487841 1.5234660250503376 0
6.139733413939891 -1.4487511776453474 0
10.009634824969156 -2.1699962281236918 0
6.396865896739086 1.5255147199708463 0
2.431520964763387 -1.1630890538347858 0
8.087106639900028 0.6413011453486642 0
3.4136220822065617 -2.34252374726695 0
5.101328680639155 2.179939030033313 0
7.865640058068328 1.0837563513086934 0
8.143656638624567 1.6944239527562388 0
7.672837654197336 1.4781423881400497 0
6.9776091960498965 -3.3866900059365794 0
5.577110363947853 1.545314583258592 0
5.982014221225304 0.4118312604170548 0
5.302175401319871 -1.5869793895077267 0
5.021584825006352 0.9399206193165399 0
8.213912647404285 1.6401110859806307 0
5.9773533957953076 1.0120092968379262 0
4.001042939464121 3.405434138778444 0
4.668045101539626 0.5171044453354845 0
11.386928180722657 1.7505676855232306 0
6.032076609807813 2.802327230770942 0
7.080613839514881 3.2906801737153044 0
4.675433405113156 -3.8924775596477597 0
7.321946768911797 1.1876628094718478 0
0.6956698967607684 -0.009881803172593684 0
9.031634032568068 -1.0639365487862509 0
8.477803717525099 0.5773023274171727 0
6.319464845091984 0.5866295845383175 0
6.813351864820078 2.4406663841869998 0
4.248621957228699 0.8816351670426916 0
6.702165564804964 -1.261323268152319 0
6.220408819701206 -1.3892074957597593 0
6.340108326079122 -1.7727790143623765 0
5.938372890934638 -3.1602110234903367 0
4.3112264884323075 1.6963298842575523 0
6.949791395609403 -0.6463550518592769 0
9.67803053318323 0.694848377194913 0
7.434926769750984 -0.05438858768346466 0
6.487433103489016 -0.24489930071681576 0
6.592326467383055 1.1669129897707124 0
4.593752538002427 0.786203323399 0
5.480521377275925 4.142688538245084 0
7.715773319446914 -4.5901857024476485 0
7.845378518140176 1.3681759581568422 0
10.073188602948182 -1.3500029622146072 0
5.415622000513438 4.093584710131716 0
5.277350346519614 1.0013293487946435 0
6.899871743135343 2.061468456619096 0
8.547885328304705 2.315090780035061 0
6.523618421197298 1.6438698977433346 0
3.7696006443974386 -2.554091949480989 0
5.07468331155294 1.1228559711467447 0
9.050945481490526 4.061457921878438 0
4.956814509965518 -2.2959880969729762 0
6.697581221329681 3.116584034560778 0
7.328193347790158 -0.14446949468378456 0
8.974820722650112 -1.5128107723151358 0
3.878626088983113 3.7008059724714886 0
5.961989062053502 -0.5633500412790216 0
6.604698304059106 -0.06859040767736307 0
5.9303850372448075 0.3693467653806361 0
1.9843815304799461 0.5426611791391932 0
7.739050426029424 -3.4165987421820585 0
8.065208636091153 2.648632886061126 0
6.702338354236851 -0.7307822210728947 0
6.25061164823003 2.292525044408076 0
3.6542720407165734 -2.355899155823675 0
6.713169400547997 -0.7687208367331475 0
7.842861230753618 4.035747936930251 0
8.21658714835535 3.3420746437374294 0
6.740949717711358 -2.7534520140218057 0
6.672273834385623 -0.8089870427791785 0
9.801830394995733 -0.5673081377946845 0
9.618599402247217 -0.2763817411854278 0
1.7020219388991178 -1.828294062040439 0
8.83497015695125 1.3038602722497106 0
7.0000976004635564 1.3211564934525306 0
6.328684227571779 1.375009408760274 0
6.677979523167004 1.2128996384317312 0
6.95314341768993 -2.738567551621152 0
5.067952100427216 -0.7641851161060553 0
5.184605718523929 0.6888399182850411 0
4.906581402278265 -0.13754556590644562 0
4.133312664712745 -1.0808967810404577 0
2.4652411073960385 0.5198657466754492 0
4.938477694612942 -1.5985321203063552 0
5.237809789903473 -0.011267883437895088 0
5.369655713057099 2.1602763831646197 0
2.5533703130245686 -0.9143405273268743 0
7.54360496813493 -0.641129235189227 0
6.623656683650842 4.517313914151372 0
4.733967518504871 -0.5225103001783559 0
4.332748226207066 1.5117565229986725 0
6.572475593365954 2.0813726650791295 0
5.652844403400665 -2.5600300928783195 0
5.737833489532293 0.32542856268454223 0
5.663223782366659 -0.6127509975138903 0
1.5334728985558268 0.28875172253902026 0
7.88781818704785 1.9825501001479948 0
6.7620465013494435 -1.8259711814033004 0
7.4761037348287385 -0.45794982834193954 0
6.084382419552516 3.232539487744082 0
7.896446003129893 -2.5745968027743342 0
5.278452114376448 2.045140311918656 0
6.410483343857235 -0.303262678320797 0
7.572505873506416 0.4786778748547711 0
1.254596744454604 -1.7272897028788012 0
8.964698051300775 1.4225319158808798 0
8.576342697338992 -0.4504616446226335 0
6.156076985226544 -1.1060816570333452 0
0.9340519187643075 5.289419505331435 0
5.26735542511666 3.238671680869051 0
4.812821611973557 2.987773005053547 0
7.527069175807182 -4.033471021082521 0
4.86705716782624 -0.0868293628793047 0
5.214423241029415 0.994848427754764 0
4.552275942599636 2.333440290425585 0
7.176191193856302 5.031221116757417 0
6.771518041701376 1.415393087977236 0
7.4920020834112835 1.3711318059129423 0
5.119025689836288 1.3536538349380565 0
1.9886450072062818 -1.3591117715349241 0
7.504709367055315 -3.928028478005401 0
7.055967794346264 -1.2096195212476692 0
9.203677557354586 0.979217254945534 0
3.590697751891101 -2.49412243399705 0
5.65508692512773 0.15563414344165247 0
10.109272730531199 -4.20583558208406 0
4.4682425816356774 -1.2561165486318828 0
6.818861986178309 0.16224514787648572 0
5.115693596738747 4.742819632267228 0
7.657187401949053 1.8579892890701628 0
8.467152446355186 -1.6348084580764395 0
6.613692512931651 3.794667725989517 0
4.152133522217815 -1.0342082152217422 0
6.819398830443445 -1.7775616646703911 0
6.703838099201873 -0.10209167401366193 0
8.950216079775487 1.3633907576743454 0
5.266232673178107 0.43770550529370095 0
9.46930418168477 -1.7078800381131787 0
7.124458226856404 0.0704753060785881 0
5.4077647078092035 2.5975914594353093 0
10.730706551300546 1.0213496806697062 0
6.503606327767689 -2.022713330465679 0
5.3972933836624115 1.1920705744772429 0
6.659445797274816 2.0543414436885294 0
7.485773182613179 0.1595588726266347 0
6.51405946054229 -1.1081093147796461 0
4.938438366733968 1.0516087544687827 0
9.544516087931143 0.9897893172133504 0
7.677786422287977 3.0797620459187867 0
4.653929615558964 1.699191356174705 0
8.606190513088949 1.7902030812152399 0
5.046485150567645 0.18885392287562563 0
5.571204147955774 1.6168219686799337 0
3.1855884191166517 0.7564684706426277 0
5.890584620191115 1.22658218955507 0
4.8978401457336975 -0.5077698803365478 0
6.354980638152636 0.06663539689497805 0
7.102614078887708 -0.07365060326363793 0
7.182802224249463 -3.8559461207593184 0
7.761600202691621 2.67411400565489 0
5.17586955094281 -0.05175972813104829 0
6.500860218931123 2.1636008861832616 0
5.611178832614344 -0.9641943702617348 0
5.937195965376458 0.8509509945412119 0
6.587786652334621 3.314362279131255 0
7.182295811532039 -2.733897770140264 0
5.168188566313594 -0.43939366349663467 0
2.2989422765345275 2.7551017654061356 0
4.031588540614875 0.1062629439398341 0
6.740614661016194 2.6206199094313662 0
9.634501405185446 -2.384552864766569 0
7.533884047705908 1.249231725220826 0
8.660949380844686 -0.5762302091605738 0
6.751452921525134 1.7788104185959124 0
9.413786392955723 1.3088697469985435 0
4.013628729434798 0.9550144969167353 0
6.397097577551614 0.6081292004490539 0
8.042096466829666 -0.07389466702462233 0
4.498054454293382 -1.539799428204504 0
4.105895996480605 -1.881264103506322 0
5.368840848183516 -4.236035558240412 0
4.804455782278815 -0.3620947735473229 0
5.568173286776847 -4.2163967351784875 0
7.279305657062185 -1.998781716094947 0
5.0717986361229075 1.6577596921264628 0
7.317250328380695 1.745054957058626 0
2.9047893604311104 -1.1622947494685187 0
7.852572877901979 0.26700576906312073 0
5.7919839339561285 -0.15778743719685484 0
7.949542778187402 -1.4712908905347737 0
11.912243834103956 -0.6674332137308683 0
5.5600121338638875 -1.3925210543468467 0
6.912138462969701 -0.8033317917783347 0
4.030587224841839 1.1887433787121182 0
5.0873634799270135 0.2950198061597447 0
7.36201540106648 2.0383669115873766 0
6.1393391460016655 2.6663216155973055 0
7.365408032945142 4.158299262643673 0
6.562328065108436 2.871764842469786 0
9.418177559180101 -0.5572418460710159 0
7.855044161968916 -5.422509529230697 1
-0.551273888010043 -9.253492663950865 1
2.717619490017801 -5.298087137810269 1
2.68121605026517 0.4965282367836732 1
3.713761600071022 -5.758051099256459 1
4.337754062672376 -5.611234285751138 1
2.99128204281773 -4.027595002436821 1
0.7122411174199996 -2.1819333290007474 1
2.726934047290709 -0.6754171927321968 1
3.9413602664584158 -3.5957464526626453 1
-1.3673296324989601 -0.26842810601460076 1
1.7701803554073923 -0.48387710761017644 1
-3.1086792076099004 -2.6680643385061305 1
3.6746131335914685 -7.296942225756002 1
5.285051112474905 -4.321131034506377 1
3.6304410660576973 -5.483556897819914 1
1.233503789196506 -5.318337865352355 1
3.0574989700335498 -2.4638563331365093 1
1.1479743254870631 -3.4911178363207327 1
0.7813214841150717 -3.4563103410887814 1
0.7842974598906614 -3.6242552756166586 1
5.658867431939125 -4.437944761585025 1
-1.701645988527729 -7.7954331621060025 1
2.6217277563647174 -7.35466471046246 1
-0.26829667854532335 -4.271747438353305 1
0.8434821138938007 -5.701527395931822 1
2.0970410763805005 -3.1078659096042163 1
1.463540708989831 -1.3498494154128813 1
0.9257963883760238 -7.052468838419472 1
4.690919230739012 -2.7184014131807626 1
3.8288489710057565 -4.5611376069125065 1
1.719605816295643 -5.624445774068178 1
-1.193377628027684 -4.737439820227077 1
-0.39513180189919206 -7.689231887856952 1
3.7785522587387694 -5.081789221656905 1
3.616873951056679 -4.493863689875462 1
1.1151388047489663 -6.609689416034582 1
0.03613731047510749 -7.523569015167795 1
3.0701092949419113 -3.783179348373267 1
-3.9084192539970717 -2.0530560819173442 1
3.7000894088448857 -4.525322384056347 1
2.759734448422714 -4.724638281332447 1
5.237796859696532 -8.479433798094465 1
2.8572839305870112 -3.1655462134628944 1
3.328899397492137 -3.8028018466065507 1
0.6101335458393193 -5.56717061311816 1
2.054717666683406 -5.448124274380319 1
2.390563332904208 -3.353201315250276 1
2.0608530972205523 -2.613387320507546 1
1.652407941916479 -3.1199773457749296 1
0.042235059378876505 -1.4461231732811282 1
-0.0653793904995823 -6.736932778808066 1
6.6534662875391835 -7.497252019751734 1
-0.38403882166184244 -5.973090032313798 1
4.311630103389826 -7.8752320584519655 1
4.342052169343955 -6.810561175208716 1
3.4885233651299057 -7.528350593515459 1
-0.41864853846131345 -1.6762924240786785 1
2.226985143853986 -2.842474300325565 1
-1.4553840152341517 -2.8928570743882522 1
2.73880727230537 -7.288681275056323 1
2.846661764588393 -3.063271861285857 1
2.727097198262202 -3.9792445530238023 1
2.6840709771022695 -4.363513536449581 1
3.1846240481661723 -4.732284239481075 1
2.8281539825507216 -2.0860754005168736 1
5.713101752754055 -2.7344493374516965 1
1.9359220755969007 -2.6919799047928814 1
3.4468080034209434 -3.4670185128195987 1
0.13311642232233134 -2.0059282168715074 1
1.0789516305337985 -4.491773926385189 1
-0.5204441714126888 -7.983321424868733 1
2.0858989892494604 -3.7315743452212398 1
1.9157324188122127 -6.355864972563444 1
2.0925725819657863 -4.878386135883833 1
0.16051242744663052 -3.3932470471649765 1
-0.15610843165159638 -5.611977693992751 1
1.406991772319122 -6.784934045027423 1
0.7369805727822802 -2.8179440922479113 1
1.2220279500073028 -4.4744597456399084 1
1.784643454392731 -5.599316929744473 1
1.3131525933434354 -7.741352729814025 1
0.8294159079843684 -4.17349596953513 1
-0.4875705598398743 -4.387448952429699 1
1.5677508698401021 -6.991157825800734 1
-1.5848329330114668 -4.0606160164075735 1
-1.6702507689954604 -5.381555030367755 1
1.9260026053270194 -2.0265122364387422 1
1.1242027121681155 -1.333266462811597 1
1.3004837979928212 -4.8624934207617265 1
-1.1087210793147282 -3.790615806679516 1
4.545539407209511 -5.079670878449998 1
2.0616453264637133 -4.612548873982241 1
0.778850568266761 0.11031633530398288 1
2.2020702072281124 -1.401259125308548 1
2.828712810214768 -3.9142266742962235 1
1.3391957139632695 -4.447343609658936 1
3.0499870984655484 -3.921012512351839 1
0.589381485903476 -5.685298517570531 1
4.703239434789965 -3.9891787877052414 1
4.470671227654263 -4.754560676487084 1
3.2361509611395984 -3.5414438065837697 1
0.03909616979894781 -2.4207720516627265 1
3.952539273096437 -2.349709576003093 1
1.804542122391856 -4.106888772686001 1
-0.5601994210113679 -0.5755042412104729 1
3.7403210022221947 -3.1818691956359517 1
0.7784496130309781 -3.8233699600620485 1
1.5273867138615327 -4.018363822360297 1
4.406451212706919 -3.3365174731643856 1
0.11510678274974451 -1.7797737606963393 1
2.259057468975716 -6.3449353765801035 1
-2.413448343786368 -2.561955771601964 1
3.7289586308115545 -6.015723068090617 1
-0.7060385759354277 -7.555544823963407 1
-3.257862889931438 -2.4159933078970455 1
1.8678343634117085 -4.605031354179627 1
3.1677366984061757 -6.422459869502924 1
1.9711330793307218 -6.893892478719982 1
5.521396822271679 -1.1416784998708063 1
-0.5561131973682922 -6.77074155650736 1
3.335348444901759 -4.263336768846532 1
-0.0011156546640678222 -0.9168968603353096 1
0.822475702849965 -0.5389314458055252 1
1.9786274487073725 -7.5872524075139705 1
4.211433525008713 -4.8709855729108025 1
4.250866877158462 -3.3738525305478326 1
-0.22024928975711422 -3.678090154025966 1
2.9084228464143855 -5.5594090262859055 1
2.7393770694854025 -4.678568956843217 1
3.736694202414349 -5.400603975476022 1
0.071006048125559 -4.060431054034115 1
4.355582264872427 -0.6506056400130249 1
1.9830192795722548 -2.348448818953809 1
4.370438275276027 -5.746096399577982 1
0.5200281990911655 -5.821860894781959 1
-0.656336370628039 -6.30423354790345 1
2.69749460896357 -6.105128475616249 1
2.9700832728971336 -2.6870816280702456 1
4.130083322699436 -3.523531644957715 1
3.3082103870099124 -2.3073673797209775 1
2.649686788585226 -4.523445216356532 1
-2.334927456242056 -2.562658874343094 1
2.438435641346877 -5.699959962262474 1
-2.4797695327007734 -4.217034458757762 1
2.739226993830539 -2.760514877133973 1
0.4236782364098557 -3.0291132798553835 1
3.2964810780294167 -4.9259565050711895 1
0.5042463822612337 -3.3065355262821035 1
2.1593966340678596 -6.293817982146875 1
1.9131460880516025 -2.5357250356464527 1
4.705181734663849 -4.0402574399642015 1
1.6253884053643382 -3.1990677972144073 1
2.2791497198602015 -5.602054330994388 1
1.2917767452139794 -5.147098674664391 1
-0.44270402136625586 -2.06595329969477 1
0.365678247534476 -2.2686986119155286 1
-0.5911396689025716 -7.424837716855187 1
-0.9079669629952298 -3.628846143024447 1
0.12011361736708359 -5.294380848679134 1
3.883485549173208 -3.646691194443891 1
-3.2472385719877703 -1.4587411649638597 1
0.26446592651451484 -5.167831861912797 1
1.1255737589185757 -3.069790153839266 1
5.633178122727172 -6.14518843310184 1
1.003803935430665 -2.3248923460154858 1
0.6391015357165462 -7.113421066488072 1
2.0159358401981913 -7.207978857305385 1
1.8448625850515272 -1.776169920592936 1
2.1866442575626914 -2.767632830731622 1
4.341985258676043 -5.030163710186554 1
1.2872557368234192 -5.272631044451207 1
4.000600712909586 -5.101238178297662 1
1.7685388533014705 -1.4580739342585805 1
5.984055490825965 -7.552069856401143 1
1.719331338098516 -4.028372685199936 1
-0.5708331727340887 -5.466490433040928 1
4.115692164880279 -3.275745578207665 1
4.281950407646656 -3.8985235932806934 1
2.9118701849502706 -2.599286131085207 1
1.727929302106295 -4.4072311915931985 1
1.3929566299428686 -2.578448787950927 1
2.9119720525441877 -4.388647804880548 1
-0.1854521281459629 -4.590143533350952 1
3.4430612889840315 -3.1531169723660692 1
-0.9319682293695832 -0.41299180421993986 1
4.479571915333661 -3.0096367552817282 1
-0.3164709907398513 -5.706506856487579 1
1.3942826638487555 -5.384820797094124 1
3.705240637672854 -5.588104354074854 1
-0.22911142296517406 -4.91284929534743 1
6.652317642472641 -4.874251506688562 1
3.282324452747445 -5.949152325894215 1
5.071472770048861 -4.05395614101406 1
2.3616353819058893 -5.231050943149186 1
4.670859833048016 -3.816505660832974 1
0.8691569741959586 -3.3119124767527057 1
0.5171400887087183 -5.0514637323883225 1
2.4405780828155557 -2.9754910626370936 1
0.026202558997694636 -5.077343815319871 1
-0.04258599820655706 -4.650518378556213 1
0.9453188398724366 -5.45513256250707 1
1.5512304157286403 -9.434785351172776 1
1.9521499749623998 -5.370133940533947 1
1.5855372454057977 -5.751505040994248 1
1.2018707401341513 -5.683110841043128 1
2.5753878520079 -4.395650663136197 1
-0.40116557694829735 -3.8531262524967884 1
0.45093857307721996 -4.37759539097478 1
2.869990145631725 -5.799418842578478 1
-0.7349449687884793 -4.043272802533972 1
4.408458122852485 -5.153506034563598 1
-2.000034213995949 -6.99736830412485 1
0.25171632206713124 -3.4041347370602306 1
2.266057861765585 -4.971599128551104 1
3.2212254421914714 -5.85927011708019 1
-0.18706993100349978 -4.633039299066408 1
1.5600245662059127 -6.303168784877846 1
-1.2238062207928198 -8.82998411147576 1
1.0023766820177298 -7.05459441871745 1
0.025815250350362584 -1.4528506203887637 1
3.075220941233778 -5.08119251315469 1
-1.6603914073270367 -4.114963060961071 1
2.4403358237739337 -4.118533192892373 1
2.454629383773623 -6.7376075486980485 1
4.189429196645513 -0.7375386742643393 1
3.103906474752007 -0.5877408368843997 1
0.47518790285195633 -3.896435478988889 1
-1.0952554431248238 -5.3454145183287896 1
3.292910198092022 0.027161919969881154 1
2.209815487275468 -4.734048873377048 1
3.7859593828942852 -1.2552196460284377 1
4.014487830930069 -2.9406151869136092 1
3.845208879507373 -4.147527953054552 1
-0.5130212789362827 -5.068090564853779 1
-0.47757747882189516 -6.326879245430228 1
0.4895763151132231 -5.240956078373204 1
1.6273851966996922 -4.684393687625608 1
0.43409897151208043 -5.5884206200623625 1
3.7986512326761437 -1.217256081135373 1
1.8607555322297589 -6.56093437300307 1
3.3687801786977536 -2.742998382175019 1
2.9202408282442294 -7.517959698049692 1
3.188368897622407 -5.765546393214365 1
2.659605068394647 -4.212960371063905 1
3.911599576469847 -5.265966273534822 1
4.113000237922388 -5.500941170825265 1
0.5762997513159476 -0.26267078660778864 1
0.8349892311267484 -3.4049550136893156 1
2.322589463544823 -1.9848456501256422 1
2.631905333226358 -2.267467953220418 1
1.5099315200018646 -4.323142534482299 1
3.8641684220136496 -4.826923336374612 1
3.8621571492648528 -3.158819723424893 1
3.03630361601569 -5.197740301721611 1
1.991251379267104 0.2611551218684607 1
4.511304820970428 -4.681336180483173 1
-0.024675780696220118 -4.457435718746393 1
4.221834775320421 0.7041950544690749 1
1.2617784837380634 -3.7060498682049 1
6.094742057012232 -0.40020158358544 1
0.9262347032364915 -7.194868909865281 1
1.2224287618123544 -2.749819325963193 1
1.0676401034526688 -7.883267190561584 1
1.8210203766034911 -5.214304423497873 1
3.2817368878018094 -1.4932908684298725 1
-2.278926314291283 -4.1737237519649995 1
1.954603844389199 -5.956805386012918 1
4.446694354760912 -7.9763876145542305 1
2.816342997860913 -4.299204792229604 1
1.4271431263560936 -5.698249692773016 1
0.8754829898938221 -2.8241538533228727 1
0.2515574635197264 -3.3257048677150713 1
2.5634990170552387 -7.199171434269312 1
2.356641770922352 -4.100113309818442 1
0.36874686411444624 -7.4668066167977845 1
4.525549280025676 -2.681721690042039 1
1.2440006271887194 -3.8881017828603426 1
1.54823932063428 -3.264074339076254 1
3.992355713285794 -2.699603624281341 1
1.0976685934437211 -6.2098327135918465 1
4.9556389227169095 -4.194680808792218 1
-0.020033180220861313 -0.6429743214515984 1
3.353979635820772 -4.673184157502668 1
0.9931298721406929 -1.6101825982070705 1
2.4306550698010794 -3.795117672310806 1
2.5969905341351085 -4.112295513305214 1
-2.2969117654643307 -2.0059738077062494 1
1.3201184428641755 -2.5886593465507444 1
-1.9303318272262677 -5.60856895946336 1
4.97116415325743 -2.717436780616053 1
5.75510833765752 -2.9117400946488647 1
-0.14407667955872938 -2.5933428398615708 1
-0.8905764190296241 -4.900591857937367 1
-1.8088902771771158 -4.382449643632074 1
2.9731284674123963 -2.217608961783844 1
-0.5233382281359784 -1.393824322617594 1
-1.1918859461292368 -2.510679189581729 1
1.217459372460852 -7.459543425948889 1
3.9852843503200606 -5.0968449058421665 1
-1.0952995403730217 -3.534453091378476 1
0.8294837602323191 -0.9891148279138933 1
2.2281091004640494 -4.875910005534302 1
0.42829956776184086 -2.690530461990419 1
1.6583357988688199 -4.217331765032436 1
2.87509518239879 -4.4066026135006275 1
2.752135015915518 -4.139047744447755 1
2.360018849703067 -3.510719751554574 1
2.6710526303080524 -5.065600070516075 1
3.0856029578561017 -3.132382909831052 1
4.038727445519432 -3.133033405734577 1
2.394347089131934 -6.999129413580315 1
1.6764058924098215 -4.209330268311394 1
1.8033745239159424 -4.958803241557913 1
-0.16434391712758023 -2.4730194215458607 1
0.7928004892425895 -3.4548675258659793 1
2.4835816385657576 -6.6167573753036475 1
5.152949371105022 -1.6516857858895917 1
0.9619228891861396 -4.3573816453944465 1
1.462540053589804 -4.458157116300332 1
2.982982283226094 -3.258440627823809 1
2.898754259138441 -5.648694136961839 1
1.845685633984125 -3.117305346215093 1
0.7735470864699312 -2.505480050440001 1
0.8761465600211544 -5.290821113236683 1
4.809982359652108 -5.403391639508942 1
3.8864138997837925 -4.794858778747259 1
1.3533549765292983 -5.130947124399413 1
6.099060508451628 -4.5335751906638135 1
0.4249167784709311 -5.123275654467535 1
2.465874110137553 -3.9021905383267437 1
-2.311198786894664 -5.5466451768418885 1
1.4077214481970202 -8.396450461085927 1
3.9460664511761614 -6.429872817936377 2
4.9782422311946535 -3.0955365807494775 2
9.74303119022673 -1.3126791003671547 2
9.365659873333591 -3.8592103014710886 2
6.274221131293153 -0.7597428952673888 2
3.5930796375618566 -1.9089412891698934 2
1.8318514971363644 -2.0436249408027036 2
7.386634522772676 -2.337371783060872 2
7.047050803581607 0.026123547762538557 2
9.615989399197641 -5.1419313325748846 2
3.7993475929566976 -2.855968674666553 2
6.1758066830208085 -3.6623790890656474 2
6.90971981268776 -3.8322850976058676 2
1.9415848831897575 -3.3838468636060495 2
3.180336741805972 -5.285384444753644 2
0.4264260337647654 -4.033666065767587 2
5.587716048308439 -1.3011118246408149 2
2.5633304536729633 -1.9784256963963494 2
2.5190654471102403 -3.4414712959141998 2
7.656699181651343 -3.0767522837959493 2
3.5324360486708226 -3.8488102416864063 2
6.455545246358082 -6.207263985673548 2
4.877289097611668 -0.05091491708579232 2
8.337265193925873 -3.238045904444764 2
4.789668244655692 -1.7987951662988462 2
8.91332285186644 -4.51415154763939 2
8.267409218460578 -2.776884361495747 2
7.4811094379901935 -1.852164498798868 2
4.295324673508674 -4.472767197205519 2
7.271507407951029 -3.7723917827619964 2
5.48171165434743 -1.8382216315185995 2
9.671692081472582 -0.5255853197789175 2
7.1437618776845095 -4.1217434780326565 2
5.776888325224386 -3.2616320104879253 2
7.928376291485229 -1.933833914364697 2
5.611354916836026 -0.6751705546294953 2
8.376530213388422 -1.5377247430475205 2
7.520570647261164 -3.6736203785536734 2
7.909147633103347 -1.9493832048249504 2
4.582634793078516 -3.9769580999492518 2
5.165996054298411 -3.986013012266034 2
8.476307767331232 -6.405644594989716 2
4.80744917286051 -3.229864118879078 2
5.301054012833196 -5.418485770049646 2
4.2876897937158045 -4.013150262988214 2
2.7953552957525876 -4.327349978729185 2
3.569335119525988 -4.342999129736098 2
1.1119166267707579 -1.4264766061877463 2
6.3441466675283085 -1.9290942860750266 2
6.115973157025587 -2.6497546113576322 2
3.8428458833287262 0.030310425214858494 2
9.947781882387835 -1.0429716512990317 2
4.963255911548873 -3.4528066322015047 2
4.2745430817205605 0.7498803578270823 2
5.97069748224005 -3.8887765166346933 2
5.621743077879965 -5.043520558898571 2
7.482339565536105 1.0298978872594287 2
5.646038653525619 0.014389749641026572 2
4.596442680128508 -3.755850115695425 2
5.880663180090566 -0.5179578946887435 2
6.615422713690038 -3.6211081680428077 2
4.256619474642189 -5.064659748193463 2
3.789706563696535 -0.6743969232297493 2
5.175008436706998 -2.769968585302127 2
0.38503192766949557 -4.728160603033809 2
4.551258442080705 -4.145839231181764 2
4.296103341188767 -3.7286857540157126 2
6.149775189235596 -4.052087237925127 2
7.853790934096959 -2.344228601028142 2
3.6175181985415237 -0.8437081085636038 2
3.310951519365496 -0.58233209757877 2
6.886333543816324 -3.1557251779383644 2
8.82706594515729 -3.837527045326032 2
4.2277870923686365 -1.8179756113528711 2
3.7842503437744233 -5.242701622560482 2
5.431031215889038 -5.278393914849568 2
6.965776616406922 -5.342645361758015 2
3.8560883276396414 -1.1515938857067558 2
3.1335238466978224 -4.672988586019135 2
6.4131994377993955 -3.975667583261589 2
6.653788141579033 -3.5095559138558956 2
5.995374240868357 -3.106800344621314 2
6.433456976187179 -4.599573523350532 2
5.010166300643516 -3.3522190985151497 2
6.067004081315576 -5.22294159077133 2
8.703485002871911 -5.088844589301631 2
6.21553467596259 -0.5775223141148365 2
6.79429470180631 -3.7510731401512647 2
9.810101135546233 -3.8152693054290636 2
4.604174030824177 -1.5805458780227888 2
3.836489362727902 -0.4101593212497461 2
9.737063924065053 -10.872118909806144 2
10.728417292713415 -6.326316451626759 2
5.067912847879971 -1.5936163830247572 2
4.930514166421632 -4.143035698674575 2
7.228451287913315 -3.8525861282277805 2
4.23354916744526 -2.624908879469257 2
6.193734091299005 -5.097585464078181 2
4.487487749239969 -4.705829804773961 2
8.886201831489306 -5.67322867046301 2
5.0356927416495525 -1.1573261818569394 2
4.059116257321094 -3.5946041805656703 2
3.8091600481788204 -3.5841956876890815 2
6.0893853502191515 -5.3926393069988325 2
6.219879378486267 -2.4023964080660076 2
3.0078120125995427 -1.220367605010383 2
5.742060452360083 -4.04279639956258 2
3.838370549100218 1.1622743368800919 2
5.23597112218365 -1.9218384920252272 2
4.175076869716731 -2.25660704200303 2
6.037793393612011 -3.7214980940373485 2
3.880837318107284 0.1356901004056903 2
5.9097262283843115 0.7449534411251415 2
6.64127924537704 -3.737562422091528 2
6.289522168865636 -3.5818134966121047 2
3.6482667204739347 -4.424599275177909 2
4.026298417818936 -3.0536853768624823 2
7.461954817353707 -3.4749221243245296 2
5.667298936277063 -4.699060808086568 2
3.852532416457002 -4.237815562526248 2
7.926262563919465 -7.294437457617061 2
2.533177814249004 -2.3430354309891888 2
7.6292088988226645 -4.1887227649484 2
3.0666847035720477 -3.703740780252752 2
3.8066403005299634 -6.973114308486759 2
8.400763667841995 -6.60858961598783 2
3.1684934518088563 0.9755949632265994 2
4.167462371759997 -5.166982898070357 2
3.31414797486586 -2.7052473371041956 2
3.2659189212052833 -3.246119863617693 2
6.0208572139948675 -3.486558332753922 2
5.3161613895548365 -0.9845470020152272 2
5.725304239833028 -1.8068514468501753 2
2.795403111438589 -5.1329377034184365 2
3.505808645419205 2.33886837957642 2
4.5414873405484375 -6.73188406562947 2
5.868509854050994 -5.883196047093891 2
6.81555449230051 -1.5092353825958416 2
6.866898077546022 -2.240008862216741 2
6.817803631202764 -1.663230301117107 2
4.893470030788844 -3.8211014765711 2
6.313520831889255 -4.305071339283561 2
6.12090473376261 -1.6952025078382775 2
2.703448604400412 -2.7039624154288067 2
4.50834269051388 -5.288449519358364 2
5.795982709577661 -1.1821477250220374 2
4.3992524058636295 -3.0511059596583823 2
2.3407889123249688 -4.563657877582051 2
8.489687275566485 -1.9305221928370584 2
7.314846247165367 -0.9873510240190804 2
3.947744671360239 -3.142822587770532 2
2.330107998582515 -5.270776802227591 2
8.101473411744387 -2.848054395543399 2
6.657460061039926 -7.592205355856134 2
9.348898101366423 -1.5797090848455086 2
5.5732371022719285 -6.082256455702922 2
7.929816777085671 -1.2743272061079736 2
4.122993176852217 -4.135083060379186 2
6.458391960880535 -2.5181587045607583 2
7.724626417698247 -2.08195818290709 2
3.5723108433617656 -2.7287287896986925 2
6.858602872643382 2.2346436179097475 2
5.157292373323103 -2.365221524529278 2
4.352556310775867 0.004571927853920688 2
5.53186765314256 -5.770176909695377 2
6.8642955975742925 -2.0120303845186127 2
9.378708389659185 -4.726093533086196 2
5.357403143584184 -2.6562579191487696 2
8.164128658272633 -5.588764121306633 2
5.487855747884705 -0.31296751871913653 2
0.5277349761701471 -4.614098145740353 2
7.6306943294175635 -2.387571326143769 2
6.530613833429588 -3.7903001540492527 2
5.5599114336518225 -1.5334931097067575 2
4.498104010149415 -4.67710360925077 2
7.030407595385573 -1.2646258347908739 2
4.244358370992295 -0.9589955043971257 2
5.507718474497207 -5.160150942332685 2
7.150629715258949 -3.6823447235182676 2
3.6770041652793144 -2.3386564756579302 2
3.9668356248338235 -3.684621766596046 2
3.5763372635791386 -5.6361440349492655 2
5.342996909050333 -5.336974312404193 2
5.408345588252635 -5.833345982356067 2
3.073172431566031 -2.530480742944672 2
3.139946480173341 -2.252402534477272 2
7.7383694985141 -0.834465151745142 2
4.666492265238704 -0.7096253246940627 2
7.014376564559804 -2.2877219914959417 2
8.516481355870148 -6.63552305058158 2
4.7597907526072305 -1.5921409025736561 2
5.025034031781225 -4.301204633894921 2
4.920873097292571 -7.7757243629547785 2
4.5112110303353905 -2.2265524587905143 2
6.678890247239046 -4.980988373012016 2
4.384976802723738 -1.0821545127989403 2
7.548156773484083 -1.7252463257592832 2
6.484977592569206 -9.196112824886647 2
6.673292208490098 -4.814890256105239 2
1.4518879229283952 -2.7313818862896633 2
4.967629720186714 -0.531835919442678 2
7.8043538543321205 -5.6481577308308175 2
6.464294565159049 -3.641937596171834 2
1.840099440831969 -4.022920733565777 2
6.061834980311242 -3.5643247380451233 2
3.1308566985059203 -4.3309271862865435 2
2.2148438417949063 -0.9616620162990386 2
6.4700845979212245 -7.643344270036172 2
3.7058908924475427 -0.6776273534570656 2
8.795412412313876 -1.1805051479428967 2
6.304940797423667 0.8733721701066166 2
4.982652339552898 -4.2316624246710735 2
6.280131524460534 -1.1892900118166294 2
4.853222914709335 -4.573252895764411 2
3.1801797703655965 -4.940443030227813 2
5.8797344834611645 -2.1387276066062175 2
4.4487107813522915 1.0808376103839015 2
4.220645936781967 -4.157103292559337 2
5.322602671025499 -1.0670130616984486 2
9.352410714161708 -4.033538669530106 2
8.19989128446404 -3.6999737599562597 2
7.047454207033091 -3.1866537786252294 2
4.081723461399487 -1.5838198814329478 2
3.198365521809443 -4.12231665876594 2
5.737189521813193 -2.664835300955745 2
8.097556374693411 -4.907287465338667 2
7.29289676819648 -2.8305859173673906 2
3.89971957561129 -0.8752932307755183 2
7.878303897644077 -1.1647063947572134 2
6.046027848134263 -2.7933196480425075 2
10.15877957257221 -6.133488314355181 2
7.065092394977649 -0.18630591736364543 2
4.43948729787611 -1.8184900479142054 2
8.201279003968079 -5.501902893783486 2
2.690402797042514 -3.741950226958515 2
7.355869196662647 -4.686437587816341 2
7.388019978308397 -5.959317470119611 2
8.732819097355433 -0.46681698432976715 2
5.4213935178301345 -3.483005802285704 2
9.634123023643612 -1.4025100370789743 2
5.660510404139703 -5.896699862492966 2
4.602180136467448 -3.8355762465697283 2
4.968685827540451 -2.449085714097695 2
4.812070887169693 -5.156167537698845 2
6.872194617897627 -3.0413440668542266 2
4.872306550803691 -2.297974441227802 2
10.49656243288998 -1.1772364227220182 2
7.876793544899753 -4.429459731766663 2
2.7355062599182975 -4.044565248690388 2
8.641097282896027 -5.641833053058187 2
5.010338232808889 -1.4391450581065186 2
7.810125920866588 -0.8127798571520679 2
4.311994499070627 -2.5603232002455583 2
6.17596879025826 -2.9300584368228 2
4.592840231196595 -5.428616832609295 2
6.604499438607739 -2.259275401361294 2
3.4276400188678715 -3.788663876584746 2
6.935488645927998 -3.912221963086151 2
8.38631181185102 -1.6152302471612594 2
8.215360116701447 -2.0486587369872304 2
5.828794796798728 -1.0364366872604427 2
7.657951326727792 0.625861764216725 2
2.842734946060461 -5.655902037966372 2
6.1271153367599105 -5.830323191223913 2
4.283938038605184 -4.2877851087505565 2
6.772206552130963 -4.082780478941808 2
3.2250155332924764 1.4539461561790379 2
7.655526547747088 -0.7326830200984289 2
6.012203418659301 0.4541787980680847 2
5.145894292374782 -2.199226201421019 2
8.020750358139267 -5.690475016036827 2
5.463209692507202 -1.501272316908708 2
5.78762743499192 -2.7898218656525144 2
8.675439622156896 -4.537303616605796 2
6.6468988145640555 -6.753558820996563 2
6.163499148158366 -2.8263359199131375 2
4.630773426602623 -6.081619122871947 2
8.568526165826665 1.1629577258445778 2
9.847032835736997 1.220706231766223 2
7.5896184965914735 -4.687932586317293 2
8.207106590095947 -1.613469304260078 2
1.7161931316651975 -5.266273177663146 2
7.957092175818569 -5.229569716482112 2
2.9957539411098324 -4.653995613616333 2
6.513537507184967 1.5648935746722978 2
7.173708309242424 -0.8835435412554835 2
4.842752774855364 0.372267090533823 2
3.370444159537576 -6.122550699716747 2
3.46702226619719 -0.13475134863411364 2
7.432777347203183 -1.8919833675408746 2
9.969294560069986 -3.894589646214883 2
4.154194720210306 -4.741432071810461 2
6.47402871083175 -5.469366329113106 2
7.755750349092128 -0.9466460512854304 2
6.301732426884723 -1.1466966099384184 2
8.372505622263875 -4.5557973220319425 2
8.386302509153778 -0.8656112030634904 2
4.891854097923365 3.7046846132468385 2
5.273641666690709 2.9348382325741316 2
5.7012244388640285 -0.9396379066889207 2
1.97035155455392 -3.1210798019776136 2
6.4678271077398986 -5.373294822690029 2
6.099008017111785 -0.3266431937888643 2
1.4725801747309735 -0.893450623634251 2
2.2142423414701238 -1.1236006204304798 2
4.036107681109938 -1.7459294952268383 2
8.664463865788232 -0.9322748813865336 2
7.543005202464141 -3.6666812400149125 2
5.4536253719881165 -3.9942459899730993 2
6.438952415186433 -2.6329588858771795 2
8.11989517310517 -3.667645536916708 2
6.531895595285392 -1.047709027552749 2
4.054382432428346 -3.9821827647936594 2
5.00732486702345 -4.685939803568145 2
4.805535147689825 -3.5634115246532305 2
9.408300168111259 0.786819753387324 2
3.7437422767290682 -3.4326257321909748 2
8.341314285920138 -5.815846008026193 2
4.937322038909704 -3.9459438134826725 2
5.8182991322956035 -1.5918824671114042 2
8.616043403489133 -6.387853800584962 2
4.123032053198643 -1.898825544490452 2
6.4483723855072865 -5.328188633138302 2
5.192872561025039 -2.6108359050054535 2
6.834667119866668 -2.787650676535594 2
1.256147609495712 -2.0103744194152133 2
6.34244135190498 -4.2686754201938415 2
5.4200035177703025 0.674021534773102 2
3.9605232207489296 -2.952549799793913 2
4.68679152245293 -0.6686676431649148 2
3.394707754616729 -3.7530001952058605 2
6.774171882483871 -0.20977208046008844 2
4.398912621878354 -1.5243680258017134 2
