0.5364130486335406 1.6031009889646561 0
0.8593424904074549 -0.43294725201075357 0
-0.2107622886110506 0.47802197058702633 0
-1.5161436000596578 -0.18060257746710762 0
-2.2250142543144538 0.5012144958241683 0
0.6451157465431052 1.080941681517368 0
0.8626102173379766 1.302371389354739 0
-0.03613040701409442 1.2123905888633422 0
-0.3494698295765769 -0.5169380360321747 0
-0.9657250551629384 -0.1069278008186002 0
0.1782258202168141 2.860375738884103 0
-1.1573001824852986 0.8092302077082804 0
0.7820868011025945 0.5977300408159358 0
-0.22606075662048006 3.233310085866752 0
0.2515864415973714 0.08088903230581623 0
-0.3997656204244481 1.5745828865658593 0
-0.5538918400943666 1.429686207656299 0
0.8048190244711504 0.38632803544943495 0
0.6445510497971216 0.919808247861871 0
-0.2304632063047394 1.2455979647915392 0
1.281750601973936 0.8863301221261268 0
-0.7961647762876309 1.0135747979799548 0
-0.1451989640219411 1.131760969782865 0
-1.6410043352837642 2.242371547144929 0
-0.8480161755826908 -0.4185079407165435 0
2.6925407809416924 2.922053992529159 0
-1.2110343415781688 0.8221989137416719 0
-0.12050334610069047 0.040524081712697946 0
-2.5056285209508435 0.5468443760761721 0
2.160968379228981 0.2544551775555529 0
-2.237584573520114 0.623465035553646 0
-0.06434167022698462 0.9427270560636725 0
-0.861656773170905 0.9865540432390738 0
-0.010002888603472815 -0.3507287096116465 0
0.20192052849439224 0.6605137742732687 0
-0.5648106313099228 -0.2533314382464954 0
-0.3754688634212027 0.3250128741006445 0
0.047215695630095755 1.6968445675896646 0
0.919112234275216 -0.12750881325957952 0
-0.38427781572017455 0.41278931872884983 0
-1.1435919405886579 2.4179016486239986 0
-1.1043372915515786 0.6920009114817632 0
0.14439976713406721 0.5996099007715326 0
0.20829919868067703 0.24368453517887062 0
0.20328131663381221 0.9759354080811702 0
0.12434241014680325 1.3051308627850378 0
-1.6844288071393445 0.0828847216039943 0
-1.4095112843426398 0.3083270496817804 0
0.9291977457198779 -0.7410603079160392 0
-1.050436739868267 1.879358752976047 0
-0.18913626749287676 0.7338282822862305 0
-0.8329118676774658 2.177900633269246 0
-1.850085649144519 0.4753357546788975 0
0.2173022450550861 1.1566995163616536 0
0.2094283745964315 0.16993633910715794 0
0.019374063046368906 1.6594742656098886 0
0.6450813367395962 -0.8148451025936729 0
0.14057495818872268 0.7504777418491277 0
-0.8367002725020386 2.156645564709991 0
-0.4419538806957496 0.2924526181949941 0
0.5221219876982575 0.21617233563353982 0
0.1677857451268867 0.3679121622535162 0
-1.1718810234941182 2.3707461225831237 0
0.7307664244959706 2.5481953772253183 0
-0.4294779052056446 1.8480371055559444 0
-1.4229575113592328 -0.5152133089576105 0
0.029181866486108654 1.8019772309319537 0
-0.8149756435346187 2.0683135414322047 0
-2.619371447973307 -0.04050092517256321 0
-1.1447027860393584 -0.3677018339248894 0
-1.9051465017572546 -1.2090891919436575 0
-0.35391848901656536 1.1000377617239872 0
-0.5176441082914722 0.34067942297154963 0
0.5197751664536173 0.6759404999430538 0
-1.4268478609253064 0.621481199979877 0
0.014261213690151986 0.6986451956975162 0
-0.6129898456957706 -0.10400963488268111 0
-1.3760180933280444 0.5474063775090373 0
-1.0023404651281251 1.7018574548341545 0
0.37634334664594404 0.9399634220570456 0
-1.855609780070375 -1.4161047503662525 0
0.23038700459340955 -1.1963715479568655 0
-0.8934572977663072 -1.4110509020265596 0
-0.0930726940059805 -0.3074401401447824 0
-0.26612658435599623 -0.5805486167829073 0
0.21603976544742165 1.521179731183659 0
-2.0077427004481834 -0.6474456706677523 0
-0.20619208333761666 1.4896024575502327 0
0.5958632315955709 -0.4720142930006481 0
-0.0024670026680033152 2.192241240177184 0
1.574795916163573 -0.7726166379986132 0
-1.659367952622775 -0.14510149814229434 0
-1.6661286664917534 1.1086981748353983 0
-0.5429623149323288 0.5380887306759524 0
-0.25679740017981456 0.562766926214436 0
0.28424454619556905 -0.16187753104277403 0
-0.4019867833431251 -0.38132570641575403 0
-0.46782276099596776 1.2213238714462862 0
-0.3591010215769332 0.5109834522536203 0
1.1671930710762943 2.8487722528434993 0
-1.746152077109132 1.2108897760904234 0
-0.3403234168418752 -1.6718679868701187 0
-1.228612790839301 2.7450434179677585 0
0.7349499278297591 1.677366190990061 0
0.1890728330728546 0.29450587419726665 0
-0.52775942415821 0.8518933148360811 0
1.1469238916841868 -0.7929176972956529 0
0.9689412074204491 1.0773053380407605 0
-1.34471216337224 1.1812513822946002 0
-0.7967662076601068 1.1800534930676663 0
-0.61421166824932 -0.24538141004663006 0
0.6957370838986827 1.064366077206738 0
0.4592039313875085 1.185114748684482 0
1.3256997886538382 0.8241900921442736 0
-0.047405105046117224 0.8184204798842777 0
1.2118423836901058 0.5742753023608863 0
-1.5964038145881436 0.5281875785253491 0
-0.3763706424184894 1.040616906399936 0
-0.394469204727471 0.7031649507877502 0
-0.8721295754166004 0.6562487808922042 0
-1.3124899207390568 -0.2663396328524754 0
-0.9578057041652653 -1.6111290837719485 0
-0.3208985160399308 1.624713700846431 0
0.30820478048482536 0.7055133365441691 0
0.3662975085568738 2.0946391713696286 0
2.3950618804368324 1.0136123979189358 0
0.1425524909726391 1.0245533663423017 0
1.1670291458292479 2.606125253818235 0
0.569823167390218 2.4040829560199963 0
0.008776728195559358 1.7029378616054163 0
-1.4280093661966848 1.2886626274503548 0
-0.5235391042351739 -0.1589777299859143 0
-1.7710140047973346 -0.10327324205757682 0
0.03283415563361841 1.4000718249705537 0
-1.126046907048939 -0.47131366669581154 0
0.08400800888219889 -1.2251472958650504 0
0.4591680635897989 1.004228273559523 0
0.21602543669706686 0.7844963990012146 0
0.738928284860566 1.2390136116044013 0
-1.6045585298712286 0.1571313438501909 0
-1.1761979156471256 0.4364743349560003 0
-0.7049961084914296 -0.30946057293656204 0
-1.025603429295289 1.5213103760367628 0
-0.3322480542175862 -0.44966480203004155 0
-0.26001376306268514 -1.1531089257819387 0
-0.5228267682362462 1.0348075345270196 0
0.3378331553996964 0.11224164665142289 0
1.1374949058483286 -0.8458900756942302 0
-2.214911466845378 -0.5628765022576487 0
-1.2116116382309507 1.028332837467753 0
-0.35376121791818566 0.44271239040214205 0
-1.282386363652702 2.3939426024428716 0
-1.053994939409858 1.3344918841362334 0
0.7058532677859555 0.771243320644857 0
-1.081516888865416 0.20210198757877168 0
0.13909122003534857 0.8424315471592283 0
-0.4915220359942731 0.07867932870671457 0
0.15835971582269603 0.023159177446888224 0
-0.313210840489386 0.20195300002757244 0
-1.229992688695706 1.3449701994242127 0
0.8944666617485619 -0.4311775082511726 0
-0.7713211057183682 0.9220091944842307 0
0.2759321739360484 0.4019631040598211 0
-1.3365209617391258 2.3012692443780227 0
-0.4605053935948075 -1.0423152561676812 0
0.8108217140060441 1.4510079496675696 0
-1.7269040750510298 0.42546162612602434 0
-0.6258025862935407 -1.8750595486503343 1
0.9366896215143947 -1.914306784495618 1
-0.09391657828842576 -1.5821298617124229 1
-1.8390487825913309 -2.7240395260344767 1
-0.8298088804802038 -2.601033874517536 1
0.7728474595304848 -1.182519453260352 1
-0.3272532689464507 -1.1176893628840263 1
1.481999242731522 -1.5945757469773165 1
0.6126724145119126 -1.5422282255371018 1
-1.5921224703347385 -2.0926742490413752 1
-1.5150033177471005 -2.5348969657921527 1
-0.6896054266692825 -2.9108169664433836 1
-0.056180319239727605 -2.2178811050962777 1
-1.8565302127111338 -1.6238138983013242 1
0.721836868747665 -0.8053009024721823 1
-1.397652222309566 -2.2672011958232243 1
-1.207582088857352 -0.4176865223459836 1
-1.7660119457183379 -2.2331220349323337 1
0.29111167532829174 -0.854768868187611 1
0.6773868507830862 -1.6958818689506578 1
-1.8326586279830464 -2.706362652188052 1
-0.8011030575722988 -1.5143821601696301 1
-1.6558271704308525 -0.5115040367202395 1
0.3374383928694248 -1.4659252234592106 1
0.11628306753717771 -0.3290551910396158 1
1.798976999350454 -1.8708634423605996 1
0.500213643015785 -2.0836128849235918 1
0.31034151599862925 -0.24983605569118716 1
-0.40474783424021993 -1.4501407485403661 1
0.42716274896445894 -2.1035315800025614 1
0.24942273975883011 -2.1701310500913444 1
0.9448705931575347 -3.551210088263237 1
1.1481250467418556 -2.609747544738767 1
-0.281551795406071 -2.6239490476493232 1
-1.385556006796195 -3.1871787926964443 1
-0.9649253387117235 -2.659523054910736 1
0.8203527810997424 -0.8331125894608044 1
0.6863353390200015 -1.0545702778925157 1
-1.1989478134119653 -0.7796150042695943 1
-2.9067442041218405 -2.2325353174599147 1
-1.1024671113793787 -3.0967335713079245 1
-0.19101438654950667 -1.8616106111019335 1
-0.7127398611983664 -1.6358431696793974 1
0.11897839657543591 -1.3575674433986662 1
-0.49308733196073196 -1.5787367352942674 1
0.2956975025842793 -1.989163760423408 1
0.9976947562575542 0.25170293442502056 1
-0.7731192310246078 0.797385595043798 1
-0.29310262497881273 -2.5090562510383134 1
-1.747690148347109 -1.2175225469239734 1
0.0660011428029772 -2.150674677866482 1
-0.7258729978101797 -1.770174732194593 1
-0.4376176909848259 -0.9436918395236804 1
0.278530696715518 -0.17424130674828264 1
1.2524318127234026 -1.6738180002640823 1
0.21539811689744565 -0.448263316041402 1
0.5223729943852464 -1.9378332682846997 1
0.028684550527416974 0.00013684711967298924 1
1.948890632593379 -2.5077966415888326 1
-0.6805316781366757 -2.8262495682042097 1
-1.0492609361217775 -2.1875668703793494 1
0.5298425794649775 -2.6479765918283604 1
1.34461968562086 -2.4261298246998972 1
-2.468563452670936 -1.0101544281701011 1
-1.167919811356147 -0.941792429412051 1
0.5307445103322971 0.23693328511391032 1
-0.4387194951885759 -0.8772698703675071 1
0.8973652988368384 -1.951406108663514 1
0.20397169372440582 -1.6515522943095315 1
-0.43960768427778824 -2.799181677858441 1
-2.1757927048846257 -0.5185828946646995 1
-0.1753169734441669 0.1373458206007292 1
-0.5686735675516728 -2.436594760347679 1
-0.3692123880319651 -1.445692976529179 1
0.5867847561875069 -1.5119514783393304 1
-1.4196117857468378 -2.5369711580860654 1
-1.3104873924628895 -0.9178312872660317 1
0.0715318675575381 -3.1132768688190904 1
0.1769525220418684 -3.327859000801473 1
0.052819582856754144 -1.9410274549847937 1
-0.5155101746228834 -0.5156958591417045 1
0.05343669455540628 -1.629716523397918 1
-0.1322371016626958 -1.3597449366115344 1
-0.48734445801006154 -2.4685899995677243 1
0.825764929660459 -2.414882667733538 1
1.399122772846314 -2.3951136561646647 1
-1.3670956095349822 -0.20650388050125312 1
0.8837679645290917 -2.414916184535481 1
0.649337310012098 -2.1509321522265523 1
1.2386444188077548 -1.5547143508658583 1
0.1500386110618145 -0.8585275466291933 1
-0.7314392858379695 -2.823298905400675 1
0.47634503633143344 -2.917041644734936 1
-1.2885704381911807 -0.3421767303220571 1
0.9645484782635514 0.2853523168702663 1
1.479240031081215 -0.8620490050195844 1
0.7494031795521124 -1.9483206938564912 1
0.45077280582125123 -1.8890398356447655 1
0.03768450296071085 -1.2168274770738625 1
-0.020604242223458774 -0.8581794258906471 1
1.3490797580375682 -1.1794463797201122 1
-1.8022148857780464 -2.4031470102697168 1
-1.222814766266177 -0.7215129562648708 1
-1.1727364862903076 -1.31185977133579 1
-0.7569905068186736 -1.0630134177271091 1
-0.38842637110414946 -0.9638037703488598 1
-1.5610139714301852 -0.5885562274978853 1
0.19433530511284824 -1.643557172115555 1
-1.0741322154588944 -2.0520003440290377 1
-0.8339218268756149 -1.5943165251341427 1
1.0604735768639997 -3.410823192770531 1
-0.2405070443901115 -2.5615349626650445 1
0.6252178621599547 -2.3367948806116443 1
-0.4534095868698877 -2.5442579805366177 1
-0.1968372473669962 -2.2305198565198165 1
-0.2084879043681572 -0.6399322856963214 1
-1.7423159377178081 0.7790353358747737 1
-0.20616613691369953 -2.9362687247620434 1
2.264460027746915 -0.5311177138068461 1
-0.6484096584437598 0.25216588086210523 1
-0.475501325223058 -0.8060507716696221 1
-0.4962712602893203 -2.053370833159418 1
-0.2894062536875391 -1.1541581354731956 1
0.0030541130068734157 -1.1898129323979862 1
1.4178484324752805 -1.9477339908807492 1
2.5541237522266003 -0.22446028606316126 1
0.013323962288432967 -3.826126275418542 1
-0.07889374130551063 -2.5762326078520363 1
-0.37998090892913416 -2.2926054634436706 1
1.0495345414576664 -0.5441534666930046 1
1.709171558268207 -2.508422767635845 1
-1.929284778283046 -1.4469327492026638 1
0.48217600544191075 -1.4549348979939618 1
0.9288571776921974 0.07943102814957492 1
-0.8686720673259366 -2.5886652457803536 1
-1.1098034951383884 -1.4651032910909436 1
0.2647567742150212 -2.1651012051232414 1
0.15406952184924522 -1.951923016087846 1
0.3919965958066586 -1.6963753407395517 1
-1.150141261887723 -3.351686184335402 1
-0.08364153398734384 -0.2501908609848542 1
-1.173042093539844 -3.2147813112459955 1
0.07607400640297113 0.15885057772327027 1
-0.3714909367842075 -0.11478553119748569 1
-0.47664063118550437 -1.6961785939925142 1
-0.24977956734707607 -2.055204370450212 1
0.047195073999377946 -2.8957214342694115 1
-0.4939901296521222 -1.4640045381307725 1
-1.0307339298526408 -0.8921500333776966 1
1.382132290864385 -2.3901690237466893 1
-0.6203974603443416 -3.152765793941405 1
0.8105269781149773 -0.39487404393015013 1
0.014727522637903445 0.38699001934720556 1
0.9142261431528065 -2.0667039809172003 1
-2.1158775304663964 -2.5261905717662803 1
0.03234466920440815 -3.445850243768632 1
-0.6338864260489515 -2.372363752889478 1
-0.170523243543338 -2.721043225854296 1
0.06324934329701848 -2.399188729781809 1
-0.6135204834552153 -0.042071575651363435 1
-0.8539772641713609 -1.858816625878773 1
-1.0227006308956184 -0.83231625808583 1
-1.1064322629377163 -1.4898193134812905 1
-1.5426338076506474 -1.7324320884373403 1
0.5981339578011419 -2.9016166921315834 1
-0.6524430808071237 -3.0555400213870545 1
1.4333877354452618 -1.362344103507379 1
1.2863648427446135 -6.2821376721843425 2
-0.4461427706528043 -3.85873732247087 2
-0.4990003452803706 -3.3985548794474654 2
0.06807241267490964 -2.326981009239365 2
0.36050805617333814 -5.426285036432173 2
-0.44069392247127326 -3.5761815862716975 2
0.7133966747362616 -3.094916924409456 2
-1.3291267956734756 -3.1631396837188177 2
0.9389886874959835 -2.208377566387182 2
2.0537884600242853 -2.0238701009678675 2
0.6721353029969588 -4.062780617100436 2
0.4170245082309614 -3.222236062442546 2
-1.4126581911813385 -2.8472660734944246 2
1.5429406229280234 -4.841246536287795 2
-0.461817012834415 -2.48616764589496 2
1.1468556207033456 -2.638639561114876 2
-0.7662842094321456 -3.6257889102839047 2
0.20144709935371163 -3.23713325032032 2
0.20645201110460898 -3.905211448173581 2
0.5973895290389871 -3.3242268958966292 2
-0.13775014345199704 -3.0778693349474304 2
0.013341176954432682 -1.3352301766167016 2
-0.09626485238837343 -3.8001831183336323 2
1.260865506248587 -5.335411551388601 2
0.8719596136789866 -2.127971578053549 2
1.6478350238896362 -4.088477840386393 2
0.05539118361044704 -3.3985128960253834 2
-0.4873360844583654 -1.5468092192295197 2
0.3034670212676986 -1.2639108756061912 2
-0.8875831018366016 -1.381996781701982 2
1.1388091713875603 -4.292414048364329 2
-0.03904614958800165 -2.3993489120642586 2
-0.20455996475253152 -2.6161888274715013 2
-0.13786240466278157 -3.8228519634295175 2
1.497349387775561 -4.285314385443066 2
1.026328711651381 -2.382150332521674 2
-0.8736832573208665 -2.185465223970178 2
0.5636948719125292 -3.174260208724473 2
-1.391430721672069 -3.397881946681711 2
-0.31713299962419883 -2.779704231571774 2
0.8262772372779332 -4.139128596295115 2
-0.8170206280745181 -2.1711751715323224 2
-0.9130411647366174 -1.8612786604513172 2
0.533873252583219 -5.091066353561131 2
2.362160115555052 -4.128389803594249 2
-0.5887692500685973 -4.073965849402562 2
-0.03471210213768952 -2.8725404124406464 2
0.5523135421388287 -2.5925298458760424 2
0.14830690939429314 -5.0873348655712025 2
0.0814612967672878 -3.795769679092378 2
-1.5631793048901923 -3.229304031126426 2
1.1347762168590068 -2.671105827855766 2
-0.3585546079092588 -2.873633600464993 2
-1.5970401614517262 -5.453521402591747 2
0.6449562336789348 -2.3700647330650733 2
0.6150048781076511 -3.5420133160376155 2
-1.4464960876332766 -4.242852573408737 2
1.6784160771383538 -2.344388723661617 2
-0.41626223373981663 -3.0263041635225316 2
0.36339657173843176 -3.180451501561372 2
-0.025381998671803185 -4.609577007087103 2
-0.33644791523821255 -3.2994433082309635 2
-0.027848290442406498 -3.329516259671186 2
-0.7933061957355797 -5.746039925778216 2
1.0012264997784392 -3.4329878569480283 2
0.8775758750997964 -3.9891800965863067 2
-0.4268074304206875 -4.092725412054923 2
-1.4482400602682841 -4.413018412876361 2
-1.4257284462175774 -3.4675779084985363 2
-0.043057717008448654 -3.2668811142449155 2
-1.3879060340053169 -3.444782503747457 2
0.4974749430045997 -2.578089553183737 2
0.30603523496436225 -3.948806987093589 2
-0.8210285756755583 -2.3399837651568323 2
-1.2724532396761241 -3.87352376334188 2
0.5551215060934775 -1.213087231775308 2
0.7987027441355508 -3.159029575674801 2
-0.7601698319003193 -3.4615885911593285 2
1.5033572977481555 -4.446076685086718 2
-0.18637667601683078 -2.079500568605466 2
0.6539625466572511 -3.8868585264247004 2
0.9353191444579917 -2.880590713134965 2
1.4710703629834694 -2.733304650338167 2
-0.8711560343647589 -5.695219692997789 2
-0.5218407916085207 -3.1914200455286137 2
-0.48503200938218427 -1.7279634136758903 2
0.14717598503571228 -4.131795046564064 2
-2.1320034726263017 -2.896506228986407 2
-1.1393472825208193 -4.612225536341159 2
1.353441854317968 -3.0128538662043747 2
-0.6471485590935673 -4.506016781810232 2
-0.6476100391426874 -3.5834903976327337 2
0.5373705928838507 -3.774843589078877 2
0.1430274917176581 -3.4394940658673283 2
-0.7341304543035906 -2.8974072306746494 2
0.8156656753777645 -2.8901267179839474 2
-0.046731702284853655 -3.7916036698624915 2
-0.6856621419422494 -4.484793679370796 2
0.9807084444787226 -4.571002653076537 2
-1.7030156171211386 -4.207955042345385 2
1.785025700835664 -4.026718098949994 2
0.16751652423874427 -2.657486246603303 2
0.09267743315220142 -3.6976501009175733 2
-1.0928789731870796 -1.3358423867311457 2
0.06554367403088153 -0.8065122787527832 2
-0.31716625235676105 -2.898424422010499 2
-0.8926818845904012 -4.99267348400892 2
0.1327360957558405 -2.336747318321374 2
-0.4782224360435863 -3.5392757660636 2
0.14469889128038513 -3.9905422584334547 2
-1.5462832184918156 -1.8395296188268724 2
0.8699287152941544 -4.426762338284187 2
0.08194226868792642 -3.427179945849838 2
-0.5061897840911478 -3.0628278588007376 2
-0.07316144481065706 -4.621268119920585 2
-0.05552440335895456 -3.229317281319839 2
1.2517779019167568 -2.900541684549392 2
-0.8070847711099342 -2.8397462419175095 2
1.8294665626331579 -3.2578636186801933 2
-0.8677935565993696 -3.30476338735068 2
1.591704241941121 -3.511618449306151 2
2.0500672148452983 -2.236745609178378 2
-1.8614224693253136 -2.857600037846987 2
0.13669627329562384 -4.2526400717855 2
-1.7210284678056227 -5.029605055844185 2
-1.3053288600398363 -0.9878980999838003 2
-0.019011524848022474 -4.697796694942445 2
0.2702971491773585 -2.628567805833788 2
1.3171008155310786 -1.5762662477245881 2
-0.7797752011032246 -2.672376644263044 2
0.053722528899393725 -3.276647053810643 2
-0.38888195086955096 -3.9995638391277137 2
0.3490997002852847 -3.8087518029350496 2
0.1720462888556939 -0.9992476414582487 2
0.04167426813213428 -2.9696109278563023 2
-1.0926359950593076 -2.6773937798525234 2
0.9328488109301293 -3.3490107487202794 2
-0.34933800593782743 -2.8974168829084435 2
0.8841137161476539 -3.256196680196879 2
-0.01608562040689715 -1.3791993815092825 2
0.8482435627439567 -3.537323452441174 2
-0.18606649832830274 -3.389433832859612 2
-0.3096974925615105 -3.2320820615613615 2
0.28381813233369235 -3.357881888674577 2
1.7396444063570058 -2.848459521833766 2
-2.5213721728704757 -3.3720106164594017 2
0.6806209803490438 -4.585755144431513 2
-0.38145614313412224 -5.165820248705829 2
-2.080705818902554 -2.328980418549679 2
0.8495901024265772 -2.5886651391316122 2
-0.6347988783694432 -2.3570480872286543 2
-0.5552706346383643 -1.47782928724454 2
0.6747494569311435 -2.2068492157410593 2
1.1325289724288892 -2.6014873193477523 2
-0.5306113527088298 -2.3313206224868246 2
-0.4114441563658525 -2.495626550986964 2
1.5983427898503826 -3.107392237913096 2
0.544904416655934 -2.052180539127476 2
-1.0963858537284454 -4.864580583341142 2
0.5625085408339763 -3.738001744533586 2
-1.0582881691034247 -3.13361565322946 2
-0.6570641555452191 -0.5225000839664338 2
1.0271828921816057 -2.6607087954359585 2
-1.798821292236996 -2.040313508726123 2
-1.7874194327149586 -5.588874381158423 2
0.02401699387967572 -2.977574169863202 2
-0.10742917268312854 -3.813809007679187 2
-6.42702806011266 -0.31116219922244437 3
-7.196066595046672 -0.8985597535955296 3
-4.172842783339561 -1.559396018118038 3
-4.7860631663615925 -1.8736419561359952 3
-6.673333597142927 -0.3297812575997551 3
-5.795874251739416 -2.984472425341808 3
-5.853201496740769 -0.5429319854593967 3
-5.078485876323479 -1.8492830040149881 3
-6.214834934396995 -0.5721576371902959 3
-6.701245904493586 -0.5648659793710131 3
-5.272211089236809 -0.845495402368392 3
-6.410823423284981 -0.9074519915417595 3
-6.045059228133436 0.5512220129172329 3
-5.098966648714115 -2.557655405477832 3
-5.787010363502381 -1.6133441735286753 3
-4.112532397082714 -1.0717821350617298 3
-5.519021510496313 0.635242942818173 3
-6.778554790763345 -3.8261823375906894 3
-7.166037942298851 -0.57561328789649 3
-6.390242617951175 -0.6489048605291288 3
-5.076889080943804 -2.6791665470649653 3
-4.520115723719223 0.6204066142016387 3
-5.561365371764213 -2.1993944949707958 3
-7.532588233442377 -0.4067068690423338 3
-6.432860988266988 -1.580539568037969 3
-3.855698975217569 -1.344391931293693 3
-6.088666783977563 -1.0264012719300406 3
-6.58650054110545 0.2593406991941467 3
-8.041383341217577 -0.9692926643155663 3
-6.485137988871404 0.2710886474204437 3
-6.500223418557451 -0.13767489744383954 3
-4.673354775317181 -0.10753094897424409 3
-6.601038615253107 1.819550882914403 3
-6.762098725765784 -2.429408232790255 3
-5.303354275029985 -2.6009824396512684 3
-4.918595113165299 0.0873428529314273 3
-5.988350610348857 -0.13590405352209312 3
-6.179654868334781 -0.8751145683726511 3
-5.157860434293948 1.227045343821588 3
-7.199972035873522 -1.2269448031581411 3
-5.249863547233981 -0.9944334554099024 3
-3.630000155583952 -0.5375871165898707 3
-6.288156027226764 -1.4697558227291332 3
-6.47630760253134 -2.5480788379046873 3
-4.806363520207733 -1.1368973987628455 3
-5.84252276876238 -0.6875917131437328 3
-6.399318980242811 0.40495663097853285 3
-5.5315755669178825 -1.4511730426382052 3
-7.152278075516248 -0.8600173667945327 3
-5.769971100585602 -2.912412541178414 3
-5.151073119893605 -0.22808839217511245 3
-4.638141466600259 0.704319050984169 3
-7.411743359001974 -1.024305803463911 3
-7.595415182764965 -1.2134761568801933 3
-5.817538347291624 -1.9387209677606148 3
-5.666704254664432 -2.7155669589224463 3
-5.08809778551025 -0.5180382868115274 3
-6.299498657601449 -0.5375181528169196 3
-7.690625079947624 -0.004443825745544472 3
-5.14745598240541 -0.6908571184416509 3
-5.095716640591974 -0.16041263231814118 3
-4.663454169278254 -0.3058876707439333 3
-6.232897416822043 -1.4138696272685833 3
-4.594673645012441 -1.5616546299898122 3
-6.266264710438729 0.2967011078121218 3
-6.1502597409025235 -0.5480107932526477 3
-5.391706547278243 -0.9367212051201879 3
-6.620984576695261 0.42882809433122704 3
-4.553049578018462 -1.0600657631074022 3
-5.5505902136991425 -1.9678372757761473 3
-6.1039509988041845 0.4025075344601101 3
-5.298384726946026 0.6104826267229198 3
-5.349028342764834 -0.38419575058283106 3
-5.209227485901951 -2.4284910118899967 3
-4.88724471293268 0.5519566341461917 3
-4.699918373723486 -2.284315097122775 3
-5.940503352434007 0.3287966696144433 3
-5.407488634310675 -0.37184411055670985 3
-5.921539077338028 -1.3679303159654914 3
-5.811193262883866 0.08427726050423812 3
-5.222465625729135 -2.0033996045781395 3
-6.133747634989387 -0.5661124354650029 3
-5.286588188392291 -0.6496546671729437 3
-5.896859647564902 -1.4704636842687748 3
-6.765673007063849 -1.56677789926872 3
-5.288363538109051 0.14440843543850312 3
-5.610569415174561 -1.447766327464832 3
-5.520762751970346 -1.7362307513628683 3
-7.562965975141339 -0.8610814037231822 3
-5.1426147852483926 -0.5239060430281381 3
-6.729124145128192 -0.4485342706609883 3
-6.079333802985568 -1.646946771425426 3
-6.073238676307933 -0.9731603456527148 3
-5.606112823723228 -0.36324731366852303 3
-5.610267801727693 -0.7926299076490511 3
-6.772874596668198 -1.9175507652551624 3
-6.191101726827889 0.32447961801254044 3
-5.231419335785567 0.5572733128271707 3
-6.881205097292511 -0.6078620563607318 3
-4.834405678061729 -0.5164940581479736 3
-7.458718776549468 -1.9678842895504831 3
-2.732290331026406 -1.5428329634637294 3
-6.095023901055411 -2.510002868887608 3
-5.2011882034402666 -0.3032035213350043 3
-7.512345295070358 0.9037786309533089 3
-6.397711891188214 -2.221822355316128 3
-6.367308324610737 -1.621617499754305 3
-5.117631328458816 -1.5535926929858062 3
-6.065788600845831 -1.1544121497179884 3
-5.509509131477159 0.943834869098491 3
-8.896345869774294 -0.7237829522692374 3
-5.3242108945954625 -1.0981705505514157 3
-4.222248456800097 -0.18801147775496985 3
-6.477244368518759 0.49458285257457013 3
-5.721666607303845 -0.49877670140598745 3
-4.348859815983052 0.7416033057827391 3
-4.8771673991076065 0.4433082909582766 3
-8.575452500068788 -0.2951068876791919 3
-5.4453048809281945 -2.195874271706788 3
-4.441647440982045 -0.15174079069723212 3
-5.717630770847752 -0.3592782864688151 3
-7.330603380919825 -3.4349001971355126 3
-5.252753336901439 -2.449865899064078 3
-5.582770878682845 0.4535927127831174 3
-4.88385916155591 -0.02761252893119237 3
-4.5694997292463935 -0.5453403635700352 3
-4.383273717591235 -0.012798815034947841 3
-6.129710556214726 -0.13215702394092188 3
-5.324503231756905 -1.1792783001906024 3
-5.741332306143593 0.13578591347138858 3
-5.0158987023290305 -1.1345146180601255 3
-5.997762071821457 -1.5646038338095722 3
-5.888227156181221 -1.2452334500340905 3
-4.696088389950959 -0.9051381783153999 3
-6.658258076415927 0.5112842649509115 3
-5.043602331355088 -1.5481455054136977 3
-5.885234715642076 -2.1518294405301672 3
-6.646220244056329 -0.012146840779169166 3
-6.764176181128517 -1.2740524504010977 3
-7.961920020910739 -0.19645918324295142 3
-7.316976372054208 -1.1268951835575818 3
-5.189678021804424 -0.8948315304838365 3
-7.148328647113317 -1.4644131589079028 3
-6.042555045021407 0.19110363061054003 3
-4.0824029748836175 -0.5922331146547701 3
-7.7937566420319015 -1.2315279371180208 3
-7.123592660727114 -1.0289578513958575 3
-4.88498131629885 -0.6790907072109457 3
-6.163089929632806 -0.8907521349192427 3
-5.413377221256346 0.03737808780657936 3
-5.758730581303352 -0.8499476810315071 3
-3.653352383318842 -0.8827153557681447 3
-4.481272304264058 -0.9705637873885127 3
-5.433578178982059 -1.5350509601847921 3
-5.573315670951862 0.26481989984577825 3
-6.466009584057181 -0.9639492731844623 3
-5.591142499313575 -0.9978991028170737 3
-5.606290743705976 0.19531076760225385 3
-7.030368221908857 -0.4169292802776896 3
-6.8151197077559145 -0.6586636552534619 3
-6.255804557525048 -3.7403846683024615 3
-7.06422877919644 -0.6657745663578963 3
-5.439204307345609 -1.4736815008431732 3
-4.0675979198398835 1.0257727647092212 3
-7.225351331423342 -2.000800777200467 3
-4.631744781375046 -2.4188368424782647 3
-5.116875412082516 -1.6082829736890574 3
-1.7424269258757565 -1.7779235736250179 4
-3.4888767092721524 -1.1863526322271356 4
-3.6518327680465457 -2.136244798812145 4
-5.10698801727311 -1.3669398594827968 4
-4.356756650743372 -1.5854422671697768 4
-3.5451703268790253 -2.582284503996418 4
-4.209269053530218 -1.9601782504522387 4
-4.629116485162671 -2.7472638399689155 4
-4.297332927350433 0.05141316942373475 4
-3.9447098393542186 -2.155781104002075 4
-3.7085946918442363 -1.3073828248289328 4
-3.2912347924107106 -1.6934394518303177 4
-4.35009736927574 -2.086390831693442 4
-4.138566239011619 -0.3022077775551737 4
-2.990997721143387 -2.231744537797728 4
-3.8380264014868466 -2.223441745950244 4
-3.319364406850675 -1.7143227257762075 4
-3.964582805068383 -0.10760668236125626 4
-2.5143392898481816 -2.450768628688573 4
-2.411298472646201 -1.385267392401296 4
-3.1717248621266214 -2.8924821946581294 4
-2.4967633295052236 -1.1706321915887377 4
-3.2141795840113043 -2.30161601163037 4
-2.6446749356504817 -1.0891014160608852 4
-3.62828919775033 -2.8296667470491608 4
-3.9119328241317817 -1.264647479120161 4
-3.548884417293125 -0.6965336883413644 4
-4.333474872233537 -2.600916683478887 4
-2.8865198268704306 -1.4865758287494666 4
-3.224031357504387 -2.0421291296053288 4
-4.124564557763983 -1.2207787915507735 4
-3.540274409496044 -1.6014449386294904 4
-3.2731307811018016 -1.226902494973539 4
-2.878001694032876 -1.4619290909762772 4
-3.443268856394766 -3.196158324582033 4
-2.261582301152325 -1.4383828538104222 4
-3.493493294873785 -3.969682861333006 4
-2.8324432299391766 -1.13106235459931 4
-2.6413100897223654 -3.1233226217683496 4
-2.821254157737876 -2.452241913359315 4
-3.7365909571120866 0.23904792529831287 4
-3.7515503858280534 -1.0061310199650837 4
-3.6568001039814613 -2.3550117965305746 4
-3.6107266339753084 -1.6277021332634822 4
-3.4430006531262984 -2.4886144137596666 4
-1.677955071290118 -3.331018105120104 4
-3.434628980075854 -1.814229865064618 4
-1.5871193573302118 -4.996626262057049 4
-2.2946221698755416 -1.892937135587847 4
-4.468620155940019 -2.6195957910896936 4
-2.02609458976284 -3.8846876868376903 4
-2.7611256623559015 -2.399907039600614 4
-4.415350122877345 -2.7730952772102864 4
-4.314745036935191 -2.424939513916759 4
-4.268437448196054 -2.792198897120943 4
-3.9698232260809885 -1.4386449797043726 4
-2.8279141272130564 -0.835570136930738 4
-3.383810460991332 -2.6050744344791337 4
-3.7381919908930548 -2.792040251968377 4
-4.736542825716129 -3.047837941739088 4
-3.1320127532973876 -0.9802807522639384 4
-2.949466214066281 -0.23914543877922467 4
-4.056466971883047 -2.376432764671082 4
-3.1917430486736187 -2.462553189121333 4
-2.321881741831722 -1.5264198455105236 4
-3.5199126503249505 -2.551646396117049 4
-2.375612367829115 -2.574789079114242 4
-2.7703154007247086 -1.7430032639587378 4
-3.136784618836465 -1.873332122057834 4
-3.688178406498485 -0.9540406887699435 4
-2.080337344347961 -2.954182052128245 4
-3.677160840498799 -4.366904921437328 4
-4.3434328930677415 -1.5485558829680888 4
-3.2550251833765316 -3.367659195013958 4
-2.9839851302355225 -0.46435197422330865 4
-2.138292636051844 -1.2810757731217208 4
-4.703641507102836 -1.0322381698032546 4
-4.396726351816738 -0.44918357144346155 4
-4.723012750914936 -1.0335355829491277 4
-2.9214004288095743 0.43291199840529604 4
-3.3040271161926142 -2.6456501540821504 4
-2.820632508619203 -3.5604109716067702 4
-3.7802840375608797 -1.4529887844168632 4
-2.3429065293193116 -0.34606331415679814 4
-4.976652314989165 -1.6607324274456208 4
-2.4362826642125537 -2.200284446965752 4
-3.92287811515558 -2.641862932282022 4
-3.8293174155679397 0.40277740487189284 4
-3.9326819206653307 -0.8616926835622225 4
-2.483577141847526 -1.6938466138102297 4
-3.267963612163256 -2.6942134445366035 4
-2.6206384578466317 -0.9606137022219787 4
-4.445388911067058 -1.8786050479496652 4
-1.5808694974999693 -0.4354929987837912 4
-4.410454384991555 0.4812631123607898 4
-2.679562079529152 -1.8740157638197654 4
-4.051253460402931 -3.2132726212713747 4
-3.975796689987365 -1.221615215955036 4
-3.5815749083402406 -2.7406863819457787 4
-5.991328056919452 -3.082215107003532 4
-3.9829216955700026 -0.19888916591412498 4
-4.682640124163095 -3.0740959341151153 4
-2.7230261763884505 -1.1124003551129598 4
-2.8384470271045856 0.40911207209632394 4
-3.2464035414849093 -4.711625829428517 4
-3.234371059166897 -1.9225118565513333 4
-4.5894140082473935 -2.8984416126910917 4
-3.9448805411561634 -3.439427063062367 4
-1.7128002970623009 -1.7508888040569646 4
-5.6468039338727 -2.628117913778649 4
-2.5656868874585954 -0.4431910444160976 4
-3.946405821626302 -0.6941496844770305 4
-4.508539632125659 -2.1272858258219474 4
-3.4267745544232504 -2.1108569373415667 4
-3.424384653438369 -2.4369498510593006 4
-2.016340417699367 -0.7722249750837438 4
-1.5016354483566485 -1.4375192388660047 4
-4.6268178453989695 -2.3348679265104697 4
-2.934166545907514 -0.7901590976774564 4
-3.763677592809936 -1.2777790832728666 4
-1.939637090502217 0.10215394316685611 4
-2.9781916817691405 -1.3603894977794762 4
-4.437500143469361 -2.0817676181444247 4
-4.390767448912921 0.16165477762183222 4
-4.193633767977224 -1.0148014892395179 4
-3.4935461745571956 -1.7777679297477822 4
-3.523817532048129 -2.5571987724281353 4
-3.830434580780129 -3.1413229067007586 4
-4.430666426560611 -3.7003759705041475 4
-3.316035992148093 -0.5838205890104944 4
-4.4053951634106365 -2.3719835314554145 4
-4.80517654625675 1.1186596595999836 4
-3.9383497094629347 -2.539801438490993 4
-5.26446531934776 0.030514240417134353 4
-3.307532597859172 -2.0607604144200016 4
-3.950999748310813 -2.119905212812237 4
-4.069524097433157 -3.022282038638097 4
-2.7115124990273904 -2.6577954016450214 4
-4.0130263481491575 -0.891757035989513 4
-3.7398367004188295 -3.810435245775603 4
-2.595425866856005 -1.1678142165011196 4
-4.049122468426203 -2.0701322190630735 4
-3.3331525785156786 -0.17274005739331044 4
-4.962299252943228 -2.8633505141746216 4
-2.6430532537474223 -0.38338276769732627 4
-5.0149166349255 0.22918504536014073 4
-3.9341365622100555 -1.8846012157592356 4
-4.5088750796113 -0.6528802662819924 4
-4.07333206650978 -0.5636261579013189 4
-2.9039168736065686 -1.8029976381798913 4
-4.4109727103214915 0.47885452357244285 4
-3.385606915794027 -2.685129487337624 4
-3.8708521219697443 -1.4743912777002899 4
-2.735628990431485 -0.34959084894293135 4
-2.875779747801035 -0.8265332971767902 4
-2.5670653009971685 -2.6739897587772927 4
-3.3413145345291158 -1.1002139962548436 4
-4.923120424730462 -0.8566965664217046 4
-1.7962169436878888 -1.1526250994310068 4
-5.697932353023358 -1.5730909692289636 4
-5.10440160698634 -0.8659650527213101 4
-3.0357863163376475 -2.5626106874130983 4
-3.3205875063777794 -0.12167431843675813 4
-1.5886360028934596 -2.6228651274751202 4
-3.0543306222291617 -2.9615991126760948 4
-2.8046708590183282 -1.225966378749922 4
-2.8048768378194358 0.7900852560365397 5
-2.44303535417344 2.190040378982833 5
-2.0623214374228294 1.6397203625539147 5
-2.624367311312563 1.1788843444990271 5
-2.703860448484664 1.1354535284774105 5
-2.6849218104232087 1.3340425606682391 5
-2.901504038577208 1.841724026039973 5
-3.158242874900667 3.231146370583705 5
-1.6514867505405895 2.6171456566203677 5
-2.497456552368345 1.3030004906220827 5
-2.7537293801192364 2.2193765905741487 5
-3.5330728093769728 2.2085787141079107 5
-2.358249189102518 2.4615046609321727 5
-4.356564637925127 -0.7627993180508295 5
-1.006169065054164 3.2566267894798893 5
-1.8158328364282896 3.6384880867760923 5
-0.7595874779615943 2.4556247756291953 5
-1.365281653927394 0.6128471789350236 5
-3.856425280247853 0.07937390255614085 5
0.6735258942230806 2.4635232328661285 5
-1.0547096018910944 1.3344659272416026 5
-3.039018454934484 1.716820196373924 5
-1.7329970519487945 1.1679286866662308 5
-3.017057072394925 1.2805914499015012 5
-1.9088311600824133 1.3232215366633873 5
-1.2105956776154845 1.7344306298435463 5
-0.9937023773809353 0.739627965505988 5
-2.9578165231601075 0.07576391332691257 5
-1.2931886728471498 3.041649479636509 5
-3.7020509522567235 1.5866141615128193 5
-1.37553007454066 0.4129350287179605 5
-2.04528403255971 1.106802350053683 5
-4.40001090321304 1.069969415190078 5
-4.071848213215462 0.4431826944708692 5
-2.1957768958221573 1.1383583841924947 5
-2.7716000138705237 0.3508406243075002 5
-1.1122886398819816 3.65404840203083 5
-1.251579831800949 2.559694115153689 5
-1.4915661243120404 1.6416691911529133 5
-3.8072365619857775 1.3526698242325301 5
-4.441846744830237 -0.32569736452710907 5
-1.9144308406781052 2.046329624211204 5
-2.7948739599863903 1.9405538080939664 5
-2.586057709765819 -0.019519178068115872 5
-0.910598988994175 -0.1571079330996188 5
-2.382945160149882 0.8329246626474739 5
-1.8188962556924657 0.7582564652388025 5
-3.711729099866676 1.8731430892826857 5
-1.160999434364432 2.0560561985778563 5
-2.5180748514797333 3.434943232157245 5
-1.8446547844927148 2.9958605859004086 5
-3.8855320442956067 1.857112922897454 5
-1.9092272570876572 -0.2798552577249933 5
-1.5829027854793876 1.5336014775715998 5
-1.6704826807916469 0.8152512954348045 5
-2.814799357246593 1.5462731716567324 5
-1.8269597073848018 2.063207759172283 5
-2.3773608563275146 2.8733670755168363 5
-3.1698039057212553 0.13353889282229092 5
-2.277785186626127 0.7911025263965435 5
-1.9210589035846009 0.4078944359726182 5
-1.1186596938829048 1.3818894917745221 5
-2.1162653479654168 0.1542466160130862 5
-1.4533340896584686 0.6719319206032108 5
-3.6063977276574595 0.7910923588976722 5
-1.826165899463403 2.8831351334395214 5
-2.8361922564378435 0.22907910972296786 5
-1.6425335383666466 2.870000106510061 5
-1.9341568499491442 2.2449436100287765 5
-2.7213026699447296 2.089691274041665 5
-3.6697137677514484 -0.46727277941662937 5
-1.0874455379110555 0.5544030990873734 5
-2.0920214187880553 2.541011110265804 5
-1.6166582376545084 1.587413109671497 5
-4.080694593770794 1.8658010170784307 5
-2.6233813464386078 1.7663427212014713 5
-1.0915297979878171 1.241769753648403 5
-1.4970954693951215 1.427186037878955 5
-1.5267347706266043 3.9294349726871816 5
-2.167825873465204 0.5436043915382431 5
-3.9769549855502166 2.408989730491648 5
-1.7479968844604958 3.3298816779274945 5
-2.390208248030699 2.300486052598492 5
-3.0025720692697035 0.5116187236675214 5
-1.877443220360391 2.6466708169293143 5
-2.737761751225943 0.8898522752395825 5
-3.695373614481495 0.9169548573238564 5
-2.3587325264974597 1.115491094873944 5
-2.9735800055937296 2.6289446625231454 5
-1.5609679556103795 0.5501654701563825 5
-4.2719288201248915 3.3959760785292135 5
-0.4582951271252671 0.21191784771026279 5
-2.403345902843874 2.309233410545257 5
-2.4017449186841584 1.3925368353503378 5
-3.0423327782545577 0.8695267297626649 5
-2.626805190838411 0.943046601150621 5
-2.839940025211902 1.930031805828664 5
-2.5562158251847515 1.954510911695564 5
-1.2487204706515114 1.6092965640483632 5
-2.842585495316831 0.7432472275285287 5
-4.949487260315426 1.9345448748453473 5
-4.037328923109987 1.5397411940960164 5
-2.975948282539385 2.680574079845128 5
-1.2415392882043716 2.706367719851953 5
-1.3626239238853834 1.0298093540403204 5
-3.8789051832782997 0.5980555762214419 5
-2.5782625730170126 4.004072522617238 5
-2.905552567440456 0.8693972426178773 5
-1.9799687006320432 2.36888531829629 5
-3.1226727210299012 2.0015638293344957 5
-2.4330197698960236 2.7735437764830086 5
-1.9344582992983066 0.46477459530517384 5
-2.8888783403359315 1.3976024134287321 5
-0.8049723738072698 0.051110861378539374 5
-2.4076168462052165 2.602484418891117 5
-2.212943004382809 -0.5760545041617595 5
-1.7486506663534818 0.7878867985622521 5
-2.570085832309748 2.0715027480820556 5
-0.5715505054440169 1.5580838046125218 5
-1.6878048635935836 1.2133126590134156 5
-2.7407209557559327 0.5215591623569245 5
-1.3452332184542877 1.4216866170436637 5
-1.9559355827604592 1.5763887761194744 5
-3.8835186477165538 1.7192754853814336 5
-1.7102932947675418 0.28004798808874387 5
-2.5096426188079755 2.0909241422794205 5
-4.05710457065296 1.894525080192817 5
-1.9449853153813805 0.9422427094149284 5
-3.9702091397062116 1.064590843323122 5
-2.0829374296805874 2.0613591874924944 5
-2.7400642171720273 5.375792282115172 5
-2.102668194362368 0.5211615847686317 5
-2.439600041745809 2.8226089299555026 5
-2.164013266781021 1.604203007330626 5
-3.4350395077332214 1.4575662087358794 5
-2.5687553043144375 2.6928581421176316 5
-2.6399742568112567 1.5462115907620348 5
-1.7606232884238013 2.348748577114752 5
-2.951824534830247 1.7210683191186582 5
-0.7117512186749955 1.109313314602702 5
-3.656908379299625 0.7975776755331638 5
-0.5947826814453367 2.6713473151860994 5
-2.072344624601593 0.03832229901021078 5
-0.9857275963167504 3.4010415962546983 5
-1.7588564012544965 1.1882453277087526 5
0.08257264475089787 0.061886926981614465 5
-2.0026539284682046 2.5556886743670484 5
-4.099984815600334 1.451201497380961 5
-1.1834004453949545 1.4339548802899362 5
-1.7966048950231288 1.3505718995189364 5
-3.228950352227666 2.1522273703249786 5
-2.9632851700615266 2.5151727082288375 5
-1.474824595039655 2.208787666586265 5
-2.439000296678816 0.6806665870591229 5
-2.9382811782755023 1.7237472774856597 5
-2.708306402156816 1.600690947484686 5
-1.5975235563674264 1.3972697103915477 5
-1.3695131832519372 1.471539968748989 5
-2.4195378239718526 0.8887559395481361 5
-1.8619589783690618 1.1705329520485008 5
-2.941848459435286 2.135482018389883 5
-2.8404734107812253 2.2754894016765643 5
-3.0959838844884553 1.1231380234092758 5
-2.8880063288510116 1.630110353556071 5
-0.5740044838807963 1.488295620257566 5
-1.360097966721178 1.9344147987183642 5
